Site-Specific Likelihood Analysis for Clade_9
==================================================

Supporting sites: 659
Conflicting sites: 238
Neutral sites: 1
Support ratio: 2.7689
Sum of supporting deltas: -180.6320
Sum of conflicting deltas: 83.2521
Weighted support ratio: 2.1697

Site	ML_Tree_lnL	Constrained_lnL	Delta_lnL	Supports_Branch
1	2.794078	2.865469	-0.071391	True
2	2.794078	2.865469	-0.071391	True
3	2.794078	2.865469	-0.071391	True
4	5.531405	5.570931	-0.039525	True
5	2.794078	2.865469	-0.071391	True
6	2.794078	2.865469	-0.071391	True
7	10.688236	10.834811	-0.146575	True
8	6.006206	8.805573	-2.799367	True
9	6.196371	5.571127	0.625244	False
10	16.103041	15.764955	0.338087	False
11	2.794078	2.865469	-0.071391	True
12	2.794078	2.865469	-0.071391	True
13	13.377375	12.689004	0.688371	False
14	2.794078	2.865469	-0.071391	True
15	2.794078	2.865469	-0.071391	True
16	5.531405	5.570931	-0.039525	True
17	10.281942	10.370242	-0.088300	True
18	9.626895	9.567434	0.059461	False
19	16.921968	16.756357	0.165612	False
20	10.066029	10.166504	-0.100475	True
21	13.151213	13.147051	0.004161	False
22	13.681484	13.075890	0.605594	False
23	2.794078	2.865469	-0.071391	True
24	2.794078	2.865469	-0.071391	True
25	20.324002	20.107528	0.216474	False
26	2.794078	2.865469	-0.071391	True
27	2.794078	2.865469	-0.071391	True
28	10.882144	10.952217	-0.070073	True
29	6.698171	6.676502	0.021669	False
30	2.794078	2.865469	-0.071391	True
31	21.697017	21.594507	0.102510	False
32	2.794078	2.865469	-0.071391	True
33	2.794078	2.865469	-0.071391	True
34	13.120831	13.084767	0.036064	False
35	2.794078	2.865469	-0.071391	True
36	2.794078	2.865469	-0.071391	True
37	13.552500	12.590034	0.962466	False
38	2.794078	2.865469	-0.071391	True
39	2.794078	2.865469	-0.071391	True
40	16.802362	16.570828	0.231533	False
41	5.545792	5.470148	0.075644	False
42	2.794078	2.865469	-0.071391	True
43	14.858861	15.219242	-0.360381	True
44	2.794078	2.865469	-0.071391	True
45	2.794078	2.865469	-0.071391	True
46	12.900439	12.768977	0.131462	False
47	2.794078	2.865469	-0.071391	True
48	2.794078	2.865469	-0.071391	True
49	18.093237	18.300476	-0.207238	True
50	2.794078	2.865469	-0.071391	True
51	2.794078	2.865469	-0.071391	True
52	9.628066	9.594453	0.033613	False
53	13.359001	13.305953	0.053047	False
54	2.794078	2.865469	-0.071391	True
55	12.964715	12.792477	0.172238	False
56	15.737436	13.630513	2.106923	False
57	6.006206	8.805573	-2.799367	True
58	12.839140	14.308531	-1.469392	True
59	2.794078	2.865469	-0.071391	True
60	2.794078	2.865469	-0.071391	True
61	5.531405	5.570931	-0.039525	True
62	2.794078	2.865469	-0.071391	True
63	2.794078	2.865469	-0.071391	True
64	5.819781	5.857249	-0.037468	True
65	10.028995	10.730866	-0.701871	True
66	2.794078	2.865469	-0.071391	True
67	13.319214	14.071157	-0.751942	True
68	2.794078	2.865469	-0.071391	True
69	2.794078	2.865469	-0.071391	True
70	8.995361	8.902628	0.092732	False
71	2.794078	2.865469	-0.071391	True
72	2.794078	2.865469	-0.071391	True
73	10.017307	9.911290	0.106017	False
74	5.531405	5.570931	-0.039525	True
75	2.794078	2.865469	-0.071391	True
76	5.819781	5.857249	-0.037468	True
77	2.794078	2.865469	-0.071391	True
78	2.794078	2.865469	-0.071391	True
79	9.553117	9.478133	0.074984	False
80	2.794078	2.865469	-0.071391	True
81	2.794078	2.865469	-0.071391	True
82	11.288757	11.318546	-0.029790	True
83	2.794078	2.865469	-0.071391	True
84	2.794078	2.865469	-0.071391	True
85	6.923418	6.981102	-0.057684	True
86	2.794078	2.865469	-0.071391	True
87	2.794078	2.865469	-0.071391	True
88	10.948624	13.763414	-2.814790	True
89	5.531405	5.570931	-0.039525	True
90	6.737425	8.174702	-1.437277	True
91	17.364826	16.981222	0.383605	False
92	2.794078	2.865469	-0.071391	True
93	2.794078	2.865469	-0.071391	True
94	9.949103	9.971468	-0.022365	True
95	2.794078	2.865469	-0.071391	True
96	7.281431	7.310554	-0.029123	True
97	10.475165	10.534251	-0.059086	True
98	2.794078	2.865469	-0.071391	True
99	2.794078	2.865469	-0.071391	True
100	13.758533	13.610003	0.148530	False
101	2.794078	2.865469	-0.071391	True
102	10.254758	10.183372	0.071387	False
103	6.737425	8.174702	-1.437277	True
104	2.794078	2.865469	-0.071391	True
105	2.794078	2.865469	-0.071391	True
106	2.794078	2.865469	-0.071391	True
107	10.804092	8.906783	1.897309	False
108	8.104812	8.175559	-0.070747	True
109	14.175612	14.032325	0.143287	False
110	5.545792	5.470148	0.075644	False
111	2.794078	2.865469	-0.071391	True
112	14.682558	14.402822	0.279737	False
113	8.389829	8.175618	0.214211	False
114	2.794078	2.865469	-0.071391	True
115	14.865507	13.200543	1.664964	False
116	2.794078	2.865469	-0.071391	True
117	7.341305	7.301979	0.039327	False
118	10.488727	10.526378	-0.037651	True
119	2.794078	2.865469	-0.071391	True
120	2.794078	2.865469	-0.071391	True
121	15.131063	16.485005	-1.353942	True
122	5.819781	5.857249	-0.037468	True
123	2.794078	2.865469	-0.071391	True
124	17.653399	17.521908	0.131491	False
125	2.794078	2.865469	-0.071391	True
126	2.794078	2.865469	-0.071391	True
127	2.794078	2.865469	-0.071391	True
128	6.090844	6.209382	-0.118538	True
129	6.006206	8.805573	-2.799367	True
130	17.483258	17.259523	0.223735	False
131	9.116416	9.201160	-0.084744	True
132	2.794078	2.865469	-0.071391	True
133	5.819781	5.857249	-0.037468	True
134	8.104812	8.175559	-0.070747	True
135	2.794078	2.865469	-0.071391	True
136	10.018528	10.001271	0.017257	False
137	2.794078	2.865469	-0.071391	True
138	2.794078	2.865469	-0.071391	True
139	11.878406	11.635790	0.242616	False
140	6.923418	6.981102	-0.057684	True
141	2.794078	2.865469	-0.071391	True
142	14.119798	15.606791	-1.486993	True
143	5.531405	5.570931	-0.039525	True
144	8.723215	9.184776	-0.461560	True
145	2.794078	2.865469	-0.071391	True
146	2.794078	2.865469	-0.071391	True
147	5.545792	5.470148	0.075644	False
148	14.774151	14.811359	-0.037208	True
149	15.602762	15.325553	0.277209	False
150	6.196371	5.571127	0.625244	False
151	14.854950	14.943125	-0.088175	True
152	2.794078	2.865469	-0.071391	True
153	2.794078	2.865469	-0.071391	True
154	2.794078	2.865469	-0.071391	True
155	2.794078	2.865469	-0.071391	True
156	2.794078	2.865469	-0.071391	True
157	2.794078	2.865469	-0.071391	True
158	9.872200	11.138718	-1.266517	True
159	2.794078	2.865469	-0.071391	True
160	18.930978	18.885845	0.045133	False
161	9.291438	12.099027	-2.807588	True
162	9.186005	11.692278	-2.506273	True
163	10.177077	9.535513	0.641564	False
164	2.794078	2.865469	-0.071391	True
165	2.794078	2.865469	-0.071391	True
166	6.196371	5.571127	0.625244	False
167	2.794078	2.865469	-0.071391	True
168	5.545792	5.470148	0.075644	False
169	5.545792	5.470148	0.075644	False
170	5.531405	5.570931	-0.039525	True
171	2.794078	2.865469	-0.071391	True
172	9.336232	8.897090	0.439142	False
173	11.867323	9.627761	2.239562	False
174	2.794078	2.865469	-0.071391	True
175	9.512114	9.535316	-0.023203	True
176	2.794078	2.865469	-0.071391	True
177	2.794078	2.865469	-0.071391	True
178	6.698171	6.676502	0.021669	False
179	2.794078	2.865469	-0.071391	True
180	2.794078	2.865469	-0.071391	True
181	14.459815	14.218778	0.241037	False
182	2.794078	2.865469	-0.071391	True
183	2.794078	2.865469	-0.071391	True
184	6.698171	6.676502	0.021669	False
185	10.281942	10.370242	-0.088300	True
186	2.794078	2.865469	-0.071391	True
187	5.531405	5.570931	-0.039525	True
188	2.794078	2.865469	-0.071391	True
189	2.794078	2.865469	-0.071391	True
190	6.284607	6.326734	-0.042128	True
191	12.160821	12.260587	-0.099766	True
192	2.794078	2.865469	-0.071391	True
193	12.112137	12.183550	-0.071414	True
194	8.524423	8.461908	0.062515	False
195	2.794078	2.865469	-0.071391	True
196	14.295808	14.229134	0.066675	False
197	2.794078	2.865469	-0.071391	True
198	2.794078	2.865469	-0.071391	True
199	13.907682	13.939978	-0.032295	True
200	2.794078	2.865469	-0.071391	True
201	2.794078	2.865469	-0.071391	True
202	15.727825	15.567684	0.160140	False
203	6.196371	5.571127	0.625244	False
204	2.794078	2.865469	-0.071391	True
205	13.560872	13.643773	-0.082900	True
206	8.389829	8.175618	0.214211	False
207	2.794078	2.865469	-0.071391	True
208	16.044383	15.539771	0.504611	False
209	2.794078	2.865469	-0.071391	True
210	2.794078	2.865469	-0.071391	True
211	22.361432	20.781783	1.579649	False
212	2.794078	2.865469	-0.071391	True
213	2.794078	2.865469	-0.071391	True
214	6.774787	6.829855	-0.055068	True
215	5.545792	5.470148	0.075644	False
216	2.794078	2.865469	-0.071391	True
217	9.251079	10.069907	-0.818828	True
218	5.545792	5.470148	0.075644	False
219	10.072328	10.007402	0.064926	False
220	11.566855	11.595535	-0.028680	True
221	5.545792	5.470148	0.075644	False
222	5.545792	5.470148	0.075644	False
223	10.763545	10.820569	-0.057024	True
224	6.764234	6.604950	0.159284	False
225	5.819781	5.857249	-0.037468	True
226	11.099248	11.201037	-0.101789	True
227	16.100853	16.044028	0.056825	False
228	6.006206	8.805573	-2.799367	True
229	11.048164	11.164831	-0.116667	True
230	12.725341	14.288158	-1.562817	True
231	2.794078	2.865469	-0.071391	True
232	12.516951	12.285864	0.231086	False
233	14.046052	13.978707	0.067345	False
234	6.284607	6.326734	-0.042128	True
235	15.697393	15.955261	-0.257868	True
236	2.794078	2.865469	-0.071391	True
237	2.794078	2.865469	-0.071391	True
238	12.754849	12.953406	-0.198557	True
239	2.794078	2.865469	-0.071391	True
240	2.794078	2.865469	-0.071391	True
241	11.872437	11.628734	0.243703	False
242	2.794078	2.865469	-0.071391	True
243	2.794078	2.865469	-0.071391	True
244	13.784999	13.870269	-0.085270	True
245	6.090844	6.209382	-0.118538	True
246	2.794078	2.865469	-0.071391	True
247	12.031205	12.713969	-0.682763	True
248	8.723215	9.184776	-0.461560	True
249	2.794078	2.865469	-0.071391	True
250	12.225101	12.273847	-0.048746	True
251	8.253879	8.175598	0.078281	False
252	13.251675	13.282479	-0.030804	True
253	12.181697	13.273688	-1.091992	True
254	2.794078	2.865469	-0.071391	True
255	2.794078	2.865469	-0.071391	True
256	16.148097	17.527839	-1.379742	True
257	6.876515	6.993423	-0.116908	True
258	2.794078	2.865469	-0.071391	True
259	14.494810	14.410986	0.083823	False
260	15.405429	15.340398	0.065031	False
261	6.090844	6.209382	-0.118538	True
262	14.917678	14.182887	0.734790	False
263	14.959540	15.279360	-0.319820	True
264	2.794078	2.865469	-0.071391	True
265	16.792543	16.087704	0.704839	False
266	5.531405	5.570931	-0.039525	True
267	6.196371	5.571127	0.625244	False
268	10.220177	10.325013	-0.104836	True
269	2.794078	2.865469	-0.071391	True
270	2.794078	2.865469	-0.071391	True
271	13.619603	13.013768	0.605835	False
272	18.250635	18.294670	-0.044035	True
273	6.774787	6.829855	-0.055068	True
274	17.581086	17.315377	0.265709	False
275	2.794078	2.865469	-0.071391	True
276	2.794078	2.865469	-0.071391	True
277	12.394423	12.571123	-0.176701	True
278	6.090844	6.209382	-0.118538	True
279	5.531405	5.570931	-0.039525	True
280	7.856222	7.465754	0.390468	False
281	8.035205	8.109714	-0.074510	True
282	2.794078	2.865469	-0.071391	True
283	7.856222	7.465754	0.390468	False
284	7.079502	7.150450	-0.070948	True
285	2.794078	2.865469	-0.071391	True
286	16.440619	16.894270	-0.453651	True
287	2.794078	2.865469	-0.071391	True
288	2.794078	2.865469	-0.071391	True
289	14.087502	13.535717	0.551785	False
290	6.284607	6.326734	-0.042128	True
291	2.794078	2.865469	-0.071391	True
292	8.524422	8.461908	0.062515	False
293	2.794078	2.865469	-0.071391	True
294	2.794078	2.865469	-0.071391	True
295	16.826086	16.737268	0.088818	False
296	2.794078	2.865469	-0.071391	True
297	2.794078	2.865469	-0.071391	True
298	6.196371	5.571127	0.625244	False
299	2.794078	2.865469	-0.071391	True
300	2.794078	2.865469	-0.071391	True
301	17.146245	18.992555	-1.846310	True
302	2.794078	2.865469	-0.071391	True
303	2.794078	2.865469	-0.071391	True
304	19.036408	18.409489	0.626919	False
305	8.553563	9.298868	-0.745305	True
306	2.794078	2.865469	-0.071391	True
307	13.481326	15.310386	-1.829059	True
308	2.794078	2.865469	-0.071391	True
309	2.794078	2.865469	-0.071391	True
310	13.682346	13.593517	0.088829	False
311	5.531405	5.570931	-0.039525	True
312	5.545792	5.470148	0.075644	False
313	12.775484	12.323098	0.452386	False
314	5.545792	5.470148	0.075644	False
315	12.956804	13.029484	-0.072680	True
316	14.542706	14.458088	0.084619	False
317	5.545792	5.470148	0.075644	False
318	8.827682	8.914840	-0.087158	True
319	8.268473	8.461834	-0.193361	True
320	6.923418	6.981102	-0.057684	True
321	6.923418	6.981102	-0.057684	True
322	5.531405	5.570931	-0.039525	True
323	2.794078	2.865469	-0.071391	True
324	2.794078	2.865469	-0.071391	True
325	5.545792	5.470148	0.075644	False
326	6.876515	6.993423	-0.116907	True
327	2.794078	2.865469	-0.071391	True
328	7.079502	7.150450	-0.070948	True
329	2.794078	2.865469	-0.071391	True
330	2.794078	2.865469	-0.071391	True
331	12.837552	11.533976	1.303576	False
332	21.881612	21.751430	0.130182	False
333	6.196371	5.571127	0.625244	False
334	6.698171	6.676502	0.021669	False
335	5.531405	5.570931	-0.039525	True
336	9.021928	9.032196	-0.010268	True
337	8.837167	8.680258	0.156909	False
338	2.794078	2.865469	-0.071391	True
339	2.794078	2.865469	-0.071391	True
340	7.737843	7.828789	-0.090946	True
341	6.737425	8.174702	-1.437277	True
342	2.794078	2.865469	-0.071391	True
343	10.792840	10.151025	0.641816	False
344	5.545792	5.470148	0.075644	False
345	5.545792	5.470148	0.075644	False
346	6.196371	5.571127	0.625244	False
347	5.819781	5.857249	-0.037468	True
348	8.268473	8.461834	-0.193361	True
349	17.136846	18.756468	-1.619622	True
350	5.819781	5.857249	-0.037468	True
351	12.712354	14.815956	-2.103602	True
352	14.001943	14.028161	-0.026217	True
353	2.794078	2.865469	-0.071391	True
354	2.794078	2.865469	-0.071391	True
355	12.231994	12.287640	-0.055646	True
356	5.819781	5.857249	-0.037468	True
357	2.794078	2.865469	-0.071391	True
358	5.531405	5.570931	-0.039525	True
359	2.794078	2.865469	-0.071391	True
360	5.531405	5.570931	-0.039525	True
361	17.104670	16.717784	0.386886	False
362	2.794078	2.865469	-0.071391	True
363	2.794078	2.865469	-0.071391	True
364	15.518782	15.510648	0.008133	False
365	11.158068	11.191576	-0.033508	True
366	5.545792	5.470148	0.075644	False
367	17.616937	15.746987	1.869950	False
368	6.090844	6.209382	-0.118538	True
369	2.794078	2.865469	-0.071391	True
370	12.248930	12.426040	-0.177110	True
371	2.794078	2.865469	-0.071391	True
372	2.794078	2.865469	-0.071391	True
373	5.531405	5.570931	-0.039525	True
374	2.794078	2.865469	-0.071391	True
375	2.794078	2.865469	-0.071391	True
376	6.284607	6.326734	-0.042128	True
377	2.794078	2.865469	-0.071391	True
378	2.794078	2.865469	-0.071391	True
379	2.794078	2.865469	-0.071391	True
380	2.794078	2.865469	-0.071391	True
381	2.794078	2.865469	-0.071391	True
382	15.583798	15.624482	-0.040684	True
383	2.794078	2.865469	-0.071391	True
384	18.279282	20.505009	-2.225726	True
385	16.906029	16.775203	0.130826	False
386	11.671425	12.036271	-0.364846	True
387	2.794078	2.865469	-0.071391	True
388	10.365632	10.293746	0.071886	False
389	2.794078	2.865469	-0.071391	True
390	2.794078	2.865469	-0.071391	True
391	10.561989	10.602802	-0.040813	True
392	15.846267	15.799931	0.046336	False
393	5.819781	5.857249	-0.037468	True
394	12.844054	12.682990	0.161064	False
395	6.801403	6.873461	-0.072058	True
396	2.794078	2.865469	-0.071391	True
397	10.066029	10.166504	-0.100475	True
398	2.794078	2.865469	-0.071391	True
399	2.794078	2.865469	-0.071391	True
400	5.545792	5.470148	0.075644	False
401	8.268473	8.461833	-0.193361	True
402	2.794078	2.865469	-0.071391	True
403	9.186004	11.692278	-2.506274	True
404	11.612740	12.783251	-1.170510	True
405	9.472986	8.914952	0.558034	False
406	11.158068	11.191576	-0.033508	True
407	2.794078	2.865469	-0.071391	True
408	2.794078	2.865469	-0.071391	True
409	8.553563	9.298868	-0.745305	True
410	11.145727	10.809625	0.336102	False
411	2.794078	2.865469	-0.071391	True
412	20.042034	18.146035	1.895999	False
413	8.723215	9.184776	-0.461560	True
414	2.794078	2.865469	-0.071391	True
415	6.698171	6.676502	0.021669	False
416	2.794078	2.865469	-0.071391	True
417	2.794078	2.865469	-0.071391	True
418	18.295435	17.853040	0.442395	False
419	9.310244	9.318514	-0.008270	True
420	2.794078	2.865469	-0.071391	True
421	8.268473	8.461834	-0.193361	True
422	11.412497	11.670754	-0.258256	True
423	2.794078	2.865469	-0.071391	True
424	13.954279	14.411567	-0.457288	True
425	9.251079	10.069907	-0.818828	True
426	5.531405	5.570931	-0.039525	True
427	12.425172	12.263906	0.161265	False
428	2.794078	2.865469	-0.071391	True
429	5.545792	5.470148	0.075644	False
430	6.801403	6.873461	-0.072058	True
431	2.794078	2.865469	-0.071391	True
432	2.794078	2.865469	-0.071391	True
433	10.097958	10.217081	-0.119123	True
434	6.876515	6.993423	-0.116907	True
435	6.284607	6.326734	-0.042128	True
436	15.861176	15.656153	0.205024	False
437	8.104812	8.175559	-0.070747	True
438	2.794078	2.865469	-0.071391	True
439	13.415023	14.034376	-0.619353	True
440	2.794078	2.865469	-0.071391	True
441	2.794078	2.865469	-0.071391	True
442	15.945661	15.943539	0.002122	False
443	12.482629	12.360421	0.122209	False
444	6.764234	6.604950	0.159284	False
445	18.550321	18.456948	0.093373	False
446	2.794078	2.865469	-0.071391	True
447	2.794078	2.865469	-0.071391	True
448	17.289685	17.630559	-0.340874	True
449	9.251079	10.069907	-0.818828	True
450	6.737425	8.174702	-1.437277	True
451	13.462915	15.951534	-2.488619	True
452	13.321131	13.214280	0.106850	False
453	5.531405	5.570931	-0.039525	True
454	20.209149	19.901655	0.307494	False
455	8.837167	8.680258	0.156909	False
456	9.685379	9.032387	0.652991	False
457	9.831216	9.755117	0.076099	False
458	2.794078	2.865469	-0.071391	True
459	2.794078	2.865469	-0.071391	True
460	2.794078	2.865469	-0.071391	True
461	2.794078	2.865469	-0.071391	True
462	7.391627	7.490954	-0.099327	True
463	5.545792	5.470148	0.075644	False
464	6.090844	6.209382	-0.118538	True
465	2.794078	2.865469	-0.071391	True
466	2.794078	2.865469	-0.071391	True
467	2.794078	2.865469	-0.071391	True
468	2.794078	2.865469	-0.071391	True
469	2.794078	2.865469	-0.071391	True
470	2.794078	2.865469	-0.071391	True
471	2.794078	2.865469	-0.071391	True
472	2.794078	2.865469	-0.071391	True
473	5.545792	5.470148	0.075644	False
474	13.377375	12.689004	0.688371	False
475	8.095085	8.471386	-0.376301	True
476	2.794078	2.865469	-0.071391	True
477	2.794078	2.865469	-0.071391	True
478	2.794078	2.865469	-0.071391	True
479	2.794078	2.865469	-0.071391	True
480	2.794078	2.865469	-0.071391	True
481	2.794078	2.865469	-0.071391	True
482	11.060907	11.101443	-0.040535	True
483	6.876515	6.993423	-0.116907	True
484	2.794078	2.865469	-0.071391	True
485	2.794078	2.865469	-0.071391	True
486	2.794078	2.865469	-0.071391	True
487	6.698171	6.676502	0.021669	False
488	2.794078	2.865469	-0.071391	True
489	2.794078	2.865469	-0.071391	True
490	2.794078	2.865469	-0.071391	True
491	2.794078	2.865469	-0.071391	True
492	2.794078	2.865469	-0.071391	True
493	5.531405	5.570931	-0.039525	True
494	2.794078	2.865469	-0.071391	True
495	2.794078	2.865469	-0.071391	True
496	5.819781	5.857249	-0.037468	True
497	6.876515	6.993423	-0.116907	True
498	5.819781	5.857249	-0.037468	True
499	16.314861	17.216013	-0.901152	True
500	10.558762	13.148348	-2.589587	True
501	2.794078	2.865469	-0.071391	True
502	6.876515	6.993423	-0.116907	True
503	2.794078	2.865469	-0.071391	True
504	2.794078	2.865469	-0.071391	True
505	6.284607	6.326734	-0.042128	True
506	10.246519	10.723241	-0.476722	True
507	10.882154	10.952219	-0.070065	True
508	5.545792	5.470148	0.075644	False
509	15.872712	15.750170	0.122542	False
510	18.071453	18.805091	-0.733638	True
511	6.090844	6.209382	-0.118538	True
512	1.681559	1.680978	0.000581	False
513	11.513635	11.500453	0.013182	False
514	15.744847	13.869568	1.875279	False
515	2.658175	2.725191	-0.067016	True
516	5.531405	5.570931	-0.039525	True
517	11.331311	11.222955	0.108356	False
518	7.341305	7.301979	0.039327	False
519	2.794078	2.865469	-0.071391	True
520	2.794078	2.865469	-0.071391	True
521	2.794078	2.865469	-0.071391	True
522	6.090844	6.209382	-0.118538	True
523	8.841840	8.796228	0.045612	False
524	2.794078	2.865469	-0.071391	True
525	2.794078	2.865469	-0.071391	True
526	2.794078	2.865469	-0.071391	True
527	2.794078	2.865469	-0.071391	True
528	2.794078	2.865469	-0.071391	True
529	5.531405	5.570931	-0.039525	True
530	2.794078	2.865469	-0.071391	True
531	2.794078	2.865469	-0.071391	True
532	2.794078	2.865469	-0.071391	True
533	2.794078	2.865469	-0.071391	True
534	2.794078	2.865469	-0.071391	True
535	6.006206	8.805573	-2.799367	True
536	6.737425	8.174702	-1.437277	True
537	11.661748	11.501439	0.160309	False
538	1.386294	1.386294	0.000000	False
539	14.090051	13.144695	0.945356	False
540	10.723566	10.553241	0.170326	False
541	13.293315	13.339250	-0.045935	True
542	7.751399	7.820918	-0.069520	True
543	5.819781	5.857249	-0.037468	True
544	2.794078	2.865469	-0.071391	True
545	6.006206	8.805573	-2.799367	True
546	6.774787	6.829855	-0.055068	True
547	2.794078	2.865469	-0.071391	True
548	6.698171	6.676502	0.021669	False
549	2.794078	2.865469	-0.071391	True
550	2.794078	2.865469	-0.071391	True
551	2.794078	2.865469	-0.071391	True
552	2.794078	2.865469	-0.071391	True
553	2.794078	2.865469	-0.071391	True
554	16.667960	16.937041	-0.269081	True
555	6.006206	8.805573	-2.799367	True
556	2.794078	2.865469	-0.071391	True
557	9.310244	9.318514	-0.008270	True
558	16.118994	16.065982	0.053012	False
559	20.333219	20.211637	0.121582	False
560	17.720444	17.834060	-0.113616	True
561	16.469005	14.821310	1.647695	False
562	13.923153	11.354237	2.568917	False
563	2.794078	2.865469	-0.071391	True
564	2.794078	2.865469	-0.071391	True
565	12.975084	12.866223	0.108861	False
566	5.545792	5.470148	0.075644	False
567	8.790896	6.202117	2.588779	False
568	16.168071	18.002618	-1.834547	True
569	22.979082	23.116118	-0.137036	True
570	2.794078	2.865469	-0.071391	True
571	11.048216	10.888791	0.159425	False
572	2.794078	2.865469	-0.071391	True
573	8.995361	8.902628	0.092732	False
574	2.794078	2.865469	-0.071391	True
575	10.558762	13.148348	-2.589586	True
576	8.790896	6.202117	2.588779	False
577	8.253879	8.175598	0.078281	False
578	8.995361	8.902628	0.092732	False
579	2.794078	2.865469	-0.071391	True
580	2.794078	2.865469	-0.071391	True
581	6.006206	8.805573	-2.799367	True
582	2.794078	2.865469	-0.071391	True
583	5.819781	5.857249	-0.037468	True
584	9.675021	9.585532	0.089489	False
585	2.794078	2.865469	-0.071391	True
586	2.794078	2.865469	-0.071391	True
587	5.531405	5.570931	-0.039525	True
588	2.616577	2.682715	-0.066139	True
589	6.284607	6.326734	-0.042128	True
590	2.794078	2.865469	-0.071391	True
591	2.794078	2.865469	-0.071391	True
592	2.794078	2.865469	-0.071391	True
593	2.794078	2.865469	-0.071391	True
594	2.794078	2.865469	-0.071391	True
595	2.794078	2.865469	-0.071391	True
596	2.794078	2.865469	-0.071391	True
597	2.794078	2.865469	-0.071391	True
598	2.794078	2.865469	-0.071391	True
599	2.794078	2.865469	-0.071391	True
600	2.794078	2.865469	-0.071391	True
601	2.794078	2.865469	-0.071391	True
602	2.794078	2.865469	-0.071391	True
603	6.737425	8.174702	-1.437277	True
604	8.389829	8.175618	0.214211	False
605	2.794078	2.865469	-0.071391	True
606	2.794078	2.865469	-0.071391	True
607	6.737425	8.174702	-1.437277	True
608	10.203696	9.579119	0.624577	False
609	2.794078	2.865469	-0.071391	True
610	2.794078	2.865469	-0.071391	True
611	2.794078	2.865469	-0.071391	True
612	2.794078	2.865469	-0.071391	True
613	10.291603	10.334362	-0.042758	True
614	2.794078	2.865469	-0.071391	True
615	5.531405	5.570931	-0.039525	True
616	2.794078	2.865469	-0.071391	True
617	7.281431	7.310554	-0.029123	True
618	8.995361	8.902628	0.092732	False
619	2.794078	2.865469	-0.071391	True
620	2.794078	2.865469	-0.071391	True
621	2.794078	2.865469	-0.071391	True
622	2.794078	2.865469	-0.071391	True
623	2.794078	2.865469	-0.071391	True
624	2.794078	2.865469	-0.071391	True
625	7.737843	7.828789	-0.090946	True
626	12.921096	12.724904	0.196192	False
627	6.006206	8.805573	-2.799367	True
628	2.794078	2.865469	-0.071391	True
629	5.531405	5.570931	-0.039525	True
630	2.794078	2.865469	-0.071391	True
631	2.794078	2.865469	-0.071391	True
632	2.794078	2.865469	-0.071391	True
633	2.794078	2.865469	-0.071391	True
634	13.451449	13.395123	0.056326	False
635	6.764234	6.604950	0.159284	False
636	2.794078	2.865469	-0.071391	True
637	2.794078	2.865469	-0.071391	True
638	2.794078	2.865469	-0.071391	True
639	2.794078	2.865469	-0.071391	True
640	2.794078	2.865469	-0.071391	True
641	2.794078	2.865469	-0.071391	True
642	2.794078	2.865469	-0.071391	True
643	2.794078	2.865469	-0.071391	True
644	2.794078	2.865469	-0.071391	True
645	2.794078	2.865469	-0.071391	True
646	2.794078	2.865469	-0.071391	True
647	2.794078	2.865469	-0.071391	True
648	2.794078	2.865469	-0.071391	True
649	2.794078	2.865469	-0.071391	True
650	2.794078	2.865469	-0.071391	True
651	2.794078	2.865469	-0.071391	True
652	2.794078	2.865469	-0.071391	True
653	2.794078	2.865469	-0.071391	True
654	2.794078	2.865469	-0.071391	True
655	2.794078	2.865469	-0.071391	True
656	2.794078	2.865469	-0.071391	True
657	2.794078	2.865469	-0.071391	True
658	2.794078	2.865469	-0.071391	True
659	2.794078	2.865469	-0.071391	True
660	2.794078	2.865469	-0.071391	True
661	6.284607	6.326734	-0.042128	True
662	2.794078	2.865469	-0.071391	True
663	9.150949	8.878067	0.272881	False
664	8.235069	8.237770	-0.002701	True
665	12.851636	12.666617	0.185019	False
666	7.856222	7.465754	0.390468	False
667	2.794078	2.865469	-0.071391	True
668	6.737425	8.174702	-1.437277	True
669	14.302628	14.164806	0.137821	False
670	9.685379	9.032387	0.652992	False
671	19.238166	18.644276	0.593890	False
672	10.718065	12.139062	-1.420996	True
673	5.545792	5.470148	0.075644	False
674	9.613824	9.698884	-0.085060	True
675	9.104794	10.888148	-1.783354	True
676	2.794078	2.865469	-0.071391	True
677	15.062526	15.097651	-0.035124	True
678	6.196371	5.571127	0.625244	False
679	5.531405	5.570931	-0.039525	True
680	6.764234	6.604950	0.159284	False
681	6.090844	6.209382	-0.118538	True
682	8.723215	9.184776	-0.461560	True
683	19.652183	21.328019	-1.675836	True
684	12.738861	13.530063	-0.791203	True
685	7.341305	7.301979	0.039327	False
686	12.479859	12.379736	0.100123	False
687	18.539480	18.628603	-0.089122	True
688	6.006206	8.805573	-2.799367	True
689	9.310244	9.318514	-0.008270	True
690	9.512114	9.535316	-0.023202	True
691	2.794078	2.865469	-0.071391	True
692	13.829825	15.168682	-1.338857	True
693	6.284607	6.326734	-0.042128	True
694	2.794078	2.865469	-0.071391	True
695	19.848543	19.503172	0.345371	False
696	2.794078	2.865469	-0.071391	True
697	9.409638	9.309866	0.099772	False
698	11.892005	13.621018	-1.729013	True
699	13.258401	14.077898	-0.819498	True
700	8.389829	8.175618	0.214211	False
701	2.794078	2.865469	-0.071391	True
702	13.004980	13.052932	-0.047953	True
703	2.794078	2.865469	-0.071391	True
704	6.923418	6.981102	-0.057684	True
705	5.545792	5.470148	0.075644	False
706	8.995361	8.902628	0.092732	False
707	13.165576	13.045921	0.119655	False
708	10.175541	10.070278	0.105263	False
709	13.002649	12.910589	0.092060	False
710	15.687379	16.083213	-0.395833	True
711	2.794078	2.865469	-0.071391	True
712	2.794078	2.865469	-0.071391	True
713	13.750234	13.559838	0.190396	False
714	5.531405	5.570931	-0.039525	True
715	2.794078	2.865469	-0.071391	True
716	12.310916	12.558833	-0.247917	True
717	12.777474	14.571922	-1.794448	True
718	9.341112	9.383611	-0.042500	True
719	20.145881	19.555271	0.590610	False
720	10.273790	9.699061	0.574729	False
721	6.196371	5.571127	0.625244	False
722	16.260971	16.423369	-0.162398	True
723	2.794078	2.865469	-0.071391	True
724	5.819781	5.857249	-0.037468	True
725	5.531405	5.570931	-0.039525	True
726	11.836929	11.430140	0.406789	False
727	5.531405	5.570931	-0.039525	True
728	14.955541	14.433297	0.522244	False
729	7.079502	7.150450	-0.070948	True
730	10.325292	9.670271	0.655021	False
731	13.007461	14.729345	-1.721884	True
732	2.794078	2.865469	-0.071391	True
733	2.794078	2.865469	-0.071391	True
734	9.512114	9.535316	-0.023202	True
735	6.196371	5.571127	0.625244	False
736	7.856222	7.465754	0.390468	False
737	17.021060	16.851933	0.169127	False
738	10.625049	8.792243	1.832806	False
739	2.794078	2.865469	-0.071391	True
740	12.956804	13.029484	-0.072680	True
741	5.531405	5.570931	-0.039525	True
742	2.794078	2.865469	-0.071391	True
743	2.794078	2.865469	-0.071391	True
744	2.794078	2.865469	-0.071391	True
745	8.253879	8.175598	0.078281	False
746	11.552653	11.787826	-0.235173	True
747	10.858343	9.192583	1.665760	False
748	14.011758	13.875373	0.136385	False
749	12.715557	12.478042	0.237515	False
750	16.385768	16.329728	0.056040	False
751	12.667508	12.202557	0.464950	False
752	5.819781	5.857249	-0.037468	True
753	2.794078	2.865469	-0.071391	True
754	2.794078	2.865469	-0.071391	True
755	13.730419	13.652886	0.077533	False
756	5.819781	5.857249	-0.037468	True
757	2.794078	2.865469	-0.071391	True
758	14.432710	13.009631	1.423079	False
759	14.426023	15.493830	-1.067807	True
760	5.819781	5.857249	-0.037468	True
761	14.499675	14.610143	-0.110468	True
762	2.794078	2.865469	-0.071391	True
763	2.794078	2.865469	-0.071391	True
764	10.607028	10.609470	-0.002442	True
765	2.794078	2.865469	-0.071391	True
766	2.794078	2.865469	-0.071391	True
767	6.801403	6.873461	-0.072058	True
768	2.794078	2.865469	-0.071391	True
769	2.794078	2.865469	-0.071391	True
770	2.794078	2.865469	-0.071391	True
771	12.603219	12.586188	0.017031	False
772	11.534604	11.385603	0.149001	False
773	18.988312	18.621932	0.366380	False
774	15.606416	15.151718	0.454697	False
775	6.876515	6.993423	-0.116907	True
776	11.139915	10.534447	0.605468	False
777	13.477412	16.245401	-2.767989	True
778	2.794078	2.865469	-0.071391	True
779	12.288396	14.055004	-1.766608	True
780	8.553563	9.298868	-0.745305	True
781	8.553563	9.298868	-0.745305	True
782	15.308870	15.392722	-0.083853	True
783	2.794078	2.865469	-0.071391	True
784	9.930272	9.309187	0.621085	False
785	11.792946	11.752498	0.040448	False
786	9.532270	9.512280	0.019990	False
787	2.794078	2.865469	-0.071391	True
788	8.740510	10.754713	-2.014203	True
789	5.545792	5.470148	0.075644	False
790	2.794078	2.865469	-0.071391	True
791	13.502102	13.395201	0.106901	False
792	2.794078	2.865469	-0.071391	True
793	6.284607	6.326734	-0.042128	True
794	23.151392	22.851893	0.299498	False
795	2.794078	2.865469	-0.071391	True
796	11.331311	11.222955	0.108356	False
797	11.863547	11.473746	0.389801	False
798	2.794078	2.865469	-0.071391	True
799	2.794078	2.865469	-0.071391	True
800	13.960445	13.870501	0.089945	False
801	5.545792	5.470148	0.075644	False
802	5.545792	5.470148	0.075644	False
803	16.288987	16.340962	-0.051975	True
804	15.827937	15.213550	0.614386	False
805	6.006206	8.805573	-2.799367	True
806	12.737172	12.577828	0.159344	False
807	8.553563	9.298868	-0.745305	True
808	2.794078	2.865469	-0.071391	True
809	12.235461	11.422361	0.813100	False
810	2.794078	2.865469	-0.071391	True
811	8.104812	8.175559	-0.070747	True
812	7.856222	7.465754	0.390468	False
813	5.531405	5.570931	-0.039525	True
814	9.594902	11.370950	-1.776048	True
815	12.850146	14.747422	-1.897277	True
816	13.536279	13.424222	0.112057	False
817	2.794078	2.865469	-0.071391	True
818	5.545792	5.470148	0.075644	False
819	2.794078	2.865469	-0.071391	True
820	6.698171	6.676502	0.021669	False
821	15.410453	15.540257	-0.129804	True
822	9.512114	9.535316	-0.023202	True
823	2.794078	2.865469	-0.071391	True
824	20.919128	20.916745	0.002383	False
825	9.675021	9.585532	0.089489	False
826	11.637237	11.204001	0.433236	False
827	5.545792	5.470148	0.075644	False
828	13.267822	13.006696	0.261126	False
829	11.212333	11.094736	0.117597	False
830	2.794078	2.865469	-0.071391	True
831	8.723215	9.184776	-0.461560	True
832	11.746741	11.914966	-0.168225	True
833	11.346205	10.927017	0.419188	False
834	2.794078	2.865469	-0.071391	True
835	2.794078	2.865469	-0.071391	True
836	2.794078	2.865469	-0.071391	True
837	2.794078	2.865469	-0.071391	True
838	2.794078	2.865469	-0.071391	True
839	2.794078	2.865469	-0.071391	True
840	9.628066	9.594453	0.033613	False
841	9.816830	9.855912	-0.039082	True
842	10.702271	10.600975	0.101296	False
843	2.794078	2.865469	-0.071391	True
844	7.281431	7.310554	-0.029123	True
845	12.235461	11.422361	0.813100	False
846	6.284607	6.326734	-0.042128	True
847	2.794078	2.865469	-0.071391	True
848	11.212333	11.094736	0.117597	False
849	6.284607	6.326734	-0.042128	True
850	6.006206	8.805573	-2.799367	True
851	19.203100	18.467867	0.735233	False
852	2.794078	2.865469	-0.071391	True
853	9.986726	12.769240	-2.782514	True
854	6.923418	6.981102	-0.057684	True
855	2.794078	2.865469	-0.071391	True
856	2.794078	2.865469	-0.071391	True
857	10.705496	10.684494	0.021002	False
858	6.284607	6.326734	-0.042128	True
859	6.284607	6.326734	-0.042128	True
860	10.625049	8.792243	1.832806	False
861	2.794078	2.865469	-0.071391	True
862	2.794078	2.865469	-0.071391	True
863	2.794078	2.865469	-0.071391	True
864	6.876515	6.993423	-0.116907	True
865	6.764234	6.604950	0.159284	False
866	10.376238	10.494321	-0.118084	True
867	6.090844	6.209382	-0.118538	True
868	9.872200	11.138718	-1.266517	True
869	16.985327	16.879991	0.105336	False
870	2.794078	2.865469	-0.071391	True
871	6.737425	8.174702	-1.437277	True
872	5.531405	5.570931	-0.039525	True
873	2.794078	2.865469	-0.071391	True
874	2.794078	2.865469	-0.071391	True
875	9.021928	9.032196	-0.010268	True
876	2.794078	2.865469	-0.071391	True
877	2.794078	2.865469	-0.071391	True
878	12.513292	13.395479	-0.882186	True
879	16.290269	16.387771	-0.097501	True
880	7.737843	7.828789	-0.090947	True
881	15.589902	15.687465	-0.097563	True
882	13.694476	13.753072	-0.058596	True
883	6.698171	6.676502	0.021669	False
884	10.949849	13.768409	-2.818560	True
885	5.531405	5.570931	-0.039525	True
886	2.794078	2.865469	-0.071391	True
887	6.764234	6.604950	0.159284	False
888	6.006206	8.805573	-2.799367	True
889	5.531405	5.570931	-0.039525	True
890	17.745072	19.434691	-1.689619	True
891	9.723755	9.665213	0.058543	False
892	2.794078	2.865469	-0.071391	True
893	5.819781	5.857249	-0.037468	True
894	2.794078	2.865469	-0.071391	True
895	2.794078	2.865469	-0.071391	True
896	2.794078	2.865469	-0.071391	True
897	2.794078	2.865469	-0.071391	True
898	2.794078	2.865469	-0.071391	True
