Site-Specific Likelihood Analysis for Clade_3
==================================================

Supporting sites: 613
Conflicting sites: 284
Neutral sites: 1
Support ratio: 2.1585
Sum of supporting deltas: -93.6642
Sum of conflicting deltas: 57.8261
Weighted support ratio: 1.6198

Site	ML_Tree_lnL	Constrained_lnL	Delta_lnL	Supports_Branch
1	2.794078	2.824799	-0.030721	True
2	2.794078	2.824799	-0.030721	True
3	2.794078	2.824799	-0.030721	True
4	5.531405	5.404486	0.126920	False
5	2.794078	2.824799	-0.030721	True
6	2.794078	2.824799	-0.030721	True
7	10.688236	10.713379	-0.025144	True
8	6.006206	6.055609	-0.049403	True
9	6.196371	7.900783	-1.704412	True
10	16.103041	16.418273	-0.315231	True
11	2.794078	2.824799	-0.030721	True
12	2.794078	2.824799	-0.030721	True
13	13.377375	15.022320	-1.644945	True
14	2.794078	2.824799	-0.030721	True
15	2.794078	2.824799	-0.030721	True
16	5.531405	5.404486	0.126920	False
17	10.281942	10.298393	-0.016451	True
18	9.626895	9.560158	0.066737	False
19	16.921968	16.856543	0.065426	False
20	10.066029	10.094862	-0.028833	True
21	13.151213	13.036707	0.114505	False
22	13.681484	15.359355	-1.677871	True
23	2.794078	2.824799	-0.030721	True
24	2.794078	2.824799	-0.030721	True
25	20.324002	19.620217	0.703785	False
26	2.794078	2.824799	-0.030721	True
27	2.794078	2.824799	-0.030721	True
28	10.882144	10.917360	-0.035216	True
29	6.698171	6.717295	-0.019125	True
30	2.794078	2.824799	-0.030721	True
31	21.697017	21.529146	0.167871	False
32	2.794078	2.824799	-0.030721	True
33	2.794078	2.824799	-0.030721	True
34	13.120831	12.712704	0.408127	False
35	2.794078	2.824799	-0.030721	True
36	2.794078	2.824799	-0.030721	True
37	13.552500	15.091153	-1.538653	True
38	2.794078	2.824799	-0.030721	True
39	2.794078	2.824799	-0.030721	True
40	16.802362	17.341322	-0.538960	True
41	5.545792	5.501877	0.043915	False
42	2.794078	2.824799	-0.030721	True
43	14.858861	14.218208	0.640653	False
44	2.794078	2.824799	-0.030721	True
45	2.794078	2.824799	-0.030721	True
46	12.900439	12.528256	0.372183	False
47	2.794078	2.824799	-0.030721	True
48	2.794078	2.824799	-0.030721	True
49	18.093237	17.863746	0.229491	False
50	2.794078	2.824799	-0.030721	True
51	2.794078	2.824799	-0.030721	True
52	9.628066	9.560297	0.067769	False
53	13.359001	13.063567	0.295434	False
54	2.794078	2.824799	-0.030721	True
55	12.964715	12.929494	0.035221	False
56	15.737436	15.990705	-0.253269	True
57	6.006206	6.055609	-0.049403	True
58	12.839140	12.895330	-0.056191	True
59	2.794078	2.824799	-0.030721	True
60	2.794078	2.824799	-0.030721	True
61	5.531405	5.404486	0.126920	False
62	2.794078	2.824799	-0.030721	True
63	2.794078	2.824799	-0.030721	True
64	5.819781	5.647784	0.171997	False
65	10.028995	10.062287	-0.033292	True
66	2.794078	2.824799	-0.030721	True
67	13.319214	13.350357	-0.031142	True
68	2.794078	2.824799	-0.030721	True
69	2.794078	2.824799	-0.030721	True
70	8.995361	8.838894	0.156467	False
71	2.794078	2.824799	-0.030721	True
72	2.794078	2.824799	-0.030721	True
73	10.017307	9.905820	0.111487	False
74	5.531405	5.404486	0.126920	False
75	2.794078	2.824799	-0.030721	True
76	5.819781	5.647784	0.171997	False
77	2.794078	2.824799	-0.030721	True
78	2.794078	2.824799	-0.030721	True
79	9.553117	9.512536	0.040581	False
80	2.794078	2.824799	-0.030721	True
81	2.794078	2.824799	-0.030721	True
82	11.288757	11.341043	-0.052286	True
83	2.794078	2.824799	-0.030721	True
84	2.794078	2.824799	-0.030721	True
85	6.923418	6.956350	-0.032932	True
86	2.794078	2.824799	-0.030721	True
87	2.794078	2.824799	-0.030721	True
88	10.948624	11.013352	-0.064728	True
89	5.531405	5.404486	0.126920	False
90	6.737425	6.464293	0.273132	False
91	17.364826	17.536901	-0.172075	True
92	2.794078	2.824799	-0.030721	True
93	2.794078	2.824799	-0.030721	True
94	9.949103	9.779315	0.169788	False
95	2.794078	2.824799	-0.030721	True
96	7.281431	7.330384	-0.048953	True
97	10.475165	10.364106	0.111059	False
98	2.794078	2.824799	-0.030721	True
99	2.794078	2.824799	-0.030721	True
100	13.758533	13.392817	0.365715	False
101	2.794078	2.824799	-0.030721	True
102	10.254758	10.151848	0.102910	False
103	6.737425	6.464293	0.273132	False
104	2.794078	2.824799	-0.030721	True
105	2.794078	2.824799	-0.030721	True
106	2.794078	2.824799	-0.030721	True
107	10.804092	10.976276	-0.172184	True
108	8.104812	7.828540	0.276272	False
109	14.175612	14.168881	0.006731	False
110	5.545792	5.501877	0.043915	False
111	2.794078	2.824799	-0.030721	True
112	14.682558	14.635616	0.046942	False
113	8.389829	8.929531	-0.539702	True
114	2.794078	2.824799	-0.030721	True
115	14.865507	15.012707	-0.147199	True
116	2.794078	2.824799	-0.030721	True
117	7.341305	7.368212	-0.026907	True
118	10.488727	10.361267	0.127460	False
119	2.794078	2.824799	-0.030721	True
120	2.794078	2.824799	-0.030721	True
121	15.131063	14.770881	0.360183	False
122	5.819781	5.647784	0.171997	False
123	2.794078	2.824799	-0.030721	True
124	17.653399	17.337055	0.316344	False
125	2.794078	2.824799	-0.030721	True
126	2.794078	2.824799	-0.030721	True
127	2.794078	2.824799	-0.030721	True
128	6.090844	6.121861	-0.031017	True
129	6.006206	6.055609	-0.049403	True
130	17.483258	17.456563	0.026695	False
131	9.116416	8.944714	0.171702	False
132	2.794078	2.824799	-0.030721	True
133	5.819781	5.647784	0.171997	False
134	8.104812	7.828540	0.276272	False
135	2.794078	2.824799	-0.030721	True
136	10.018528	9.909446	0.109083	False
137	2.794078	2.824799	-0.030721	True
138	2.794078	2.824799	-0.030721	True
139	11.878406	12.428068	-0.549662	True
140	6.923418	6.956350	-0.032932	True
141	2.794078	2.824799	-0.030721	True
142	14.119798	13.857281	0.262517	False
143	5.531405	5.404486	0.126920	False
144	8.723215	8.577547	0.145668	False
145	2.794078	2.824799	-0.030721	True
146	2.794078	2.824799	-0.030721	True
147	5.545792	5.501877	0.043915	False
148	14.774151	14.642600	0.131551	False
149	15.602762	16.238524	-0.635762	True
150	6.196371	7.900783	-1.704412	True
151	14.854950	14.704582	0.150369	False
152	2.794078	2.824799	-0.030721	True
153	2.794078	2.824799	-0.030721	True
154	2.794078	2.824799	-0.030721	True
155	2.794078	2.824799	-0.030721	True
156	2.794078	2.824799	-0.030721	True
157	2.794078	2.824799	-0.030721	True
158	9.872200	9.914449	-0.042248	True
159	2.794078	2.824799	-0.030721	True
160	18.930978	18.752791	0.178187	False
161	9.291438	9.336682	-0.045244	True
162	9.186005	9.192679	-0.006675	True
163	10.177077	11.879282	-1.702206	True
164	2.794078	2.824799	-0.030721	True
165	2.794078	2.824799	-0.030721	True
166	6.196371	7.900783	-1.704412	True
167	2.794078	2.824799	-0.030721	True
168	5.545792	5.501877	0.043915	False
169	5.545792	5.501877	0.043915	False
170	5.531405	5.404486	0.126920	False
171	2.794078	2.824799	-0.030721	True
172	9.336232	10.833634	-1.497402	True
173	11.867323	12.157976	-0.290653	True
174	2.794078	2.824799	-0.030721	True
175	9.512114	9.382999	0.129114	False
176	2.794078	2.824799	-0.030721	True
177	2.794078	2.824799	-0.030721	True
178	6.698171	6.717295	-0.019125	True
179	2.794078	2.824799	-0.030721	True
180	2.794078	2.824799	-0.030721	True
181	14.459815	14.745169	-0.285354	True
182	2.794078	2.824799	-0.030721	True
183	2.794078	2.824799	-0.030721	True
184	6.698171	6.717295	-0.019125	True
185	10.281942	10.298393	-0.016451	True
186	2.794078	2.824799	-0.030721	True
187	5.531405	5.404486	0.126920	False
188	2.794078	2.824799	-0.030721	True
189	2.794078	2.824799	-0.030721	True
190	6.284607	6.325642	-0.041036	True
191	12.160821	11.165866	0.994955	False
192	2.794078	2.824799	-0.030721	True
193	12.112137	11.839199	0.272938	False
194	8.524423	8.121539	0.402884	False
195	2.794078	2.824799	-0.030721	True
196	14.295808	14.161028	0.134781	False
197	2.794078	2.824799	-0.030721	True
198	2.794078	2.824799	-0.030721	True
199	13.907682	13.740167	0.167516	False
200	2.794078	2.824799	-0.030721	True
201	2.794078	2.824799	-0.030721	True
202	15.727825	15.733266	-0.005441	True
203	6.196371	7.900783	-1.704412	True
204	2.794078	2.824799	-0.030721	True
205	13.560872	13.604019	-0.043146	True
206	8.389829	8.929531	-0.539702	True
207	2.794078	2.824799	-0.030721	True
208	16.044383	16.348248	-0.303865	True
209	2.794078	2.824799	-0.030721	True
210	2.794078	2.824799	-0.030721	True
211	22.361432	22.380428	-0.018996	True
212	2.794078	2.824799	-0.030721	True
213	2.794078	2.824799	-0.030721	True
214	6.774787	6.803315	-0.028528	True
215	5.545792	5.501877	0.043915	False
216	2.794078	2.824799	-0.030721	True
217	9.251079	8.660703	0.590376	False
218	5.545792	5.501877	0.043915	False
219	10.072328	9.930795	0.141532	False
220	11.566855	11.611716	-0.044861	True
221	5.545792	5.501877	0.043915	False
222	5.545792	5.501877	0.043915	False
223	10.763545	10.607418	0.156127	False
224	6.764234	6.766938	-0.002703	True
225	5.819781	5.647784	0.171997	False
226	11.099248	10.982744	0.116505	False
227	16.100853	16.524340	-0.423486	True
228	6.006206	6.055609	-0.049403	True
229	11.048164	11.078640	-0.030476	True
230	12.725341	12.737082	-0.011741	True
231	2.794078	2.824799	-0.030721	True
232	12.516951	13.059994	-0.543044	True
233	14.046052	13.917573	0.128479	False
234	6.284607	6.325642	-0.041035	True
235	15.697393	14.791151	0.906242	False
236	2.794078	2.824799	-0.030721	True
237	2.794078	2.824799	-0.030721	True
238	12.754849	12.609429	0.145420	False
239	2.794078	2.824799	-0.030721	True
240	2.794078	2.824799	-0.030721	True
241	11.872437	12.426702	-0.554265	True
242	2.794078	2.824799	-0.030721	True
243	2.794078	2.824799	-0.030721	True
244	13.784999	13.656975	0.128024	False
245	6.090844	6.121861	-0.031017	True
246	2.794078	2.824799	-0.030721	True
247	12.031205	12.200559	-0.169354	True
248	8.723215	8.577547	0.145668	False
249	2.794078	2.824799	-0.030721	True
250	12.225101	12.289883	-0.064782	True
251	8.253879	8.041093	0.212785	False
252	13.251675	13.268674	-0.016999	True
253	12.181697	11.715625	0.466071	False
254	2.794078	2.824799	-0.030721	True
255	2.794078	2.824799	-0.030721	True
256	16.148097	15.946551	0.201547	False
257	6.876515	6.883242	-0.006727	True
258	2.794078	2.824799	-0.030721	True
259	14.494810	14.519776	-0.024966	True
260	15.405429	15.433376	-0.027947	True
261	6.090844	6.121861	-0.031017	True
262	14.917678	16.621222	-1.703544	True
263	14.959540	14.783457	0.176083	False
264	2.794078	2.824799	-0.030721	True
265	16.792543	16.765447	0.027096	False
266	5.531405	5.404486	0.126920	False
267	6.196371	7.900783	-1.704412	True
268	10.220177	10.253402	-0.033225	True
269	2.794078	2.824799	-0.030721	True
270	2.794078	2.824799	-0.030721	True
271	13.619603	15.315208	-1.695605	True
272	18.250635	18.067172	0.183463	False
273	6.774787	6.803315	-0.028528	True
274	17.581086	17.359603	0.221483	False
275	2.794078	2.824799	-0.030721	True
276	2.794078	2.824799	-0.030721	True
277	12.394423	11.409018	0.985404	False
278	6.090844	6.121861	-0.031017	True
279	5.531405	5.404486	0.126920	False
280	7.856222	8.176716	-0.320494	True
281	8.035205	8.066499	-0.031294	True
282	2.794078	2.824799	-0.030721	True
283	7.856222	8.176716	-0.320494	True
284	7.079502	7.106133	-0.026631	True
285	2.794078	2.824799	-0.030721	True
286	16.440619	16.546669	-0.106049	True
287	2.794078	2.824799	-0.030721	True
288	2.794078	2.824799	-0.030721	True
289	14.087502	15.776134	-1.688632	True
290	6.284607	6.325642	-0.041035	True
291	2.794078	2.824799	-0.030721	True
292	8.524422	8.121539	0.402883	False
293	2.794078	2.824799	-0.030721	True
294	2.794078	2.824799	-0.030721	True
295	16.826086	16.531860	0.294226	False
296	2.794078	2.824799	-0.030721	True
297	2.794078	2.824799	-0.030721	True
298	6.196371	7.900783	-1.704412	True
299	2.794078	2.824799	-0.030721	True
300	2.794078	2.824799	-0.030721	True
301	17.146245	17.163899	-0.017654	True
302	2.794078	2.824799	-0.030721	True
303	2.794078	2.824799	-0.030721	True
304	19.036408	18.963836	0.072572	False
305	8.553563	8.702959	-0.149396	True
306	2.794078	2.824799	-0.030721	True
307	13.481326	13.356369	0.124957	False
308	2.794078	2.824799	-0.030721	True
309	2.794078	2.824799	-0.030721	True
310	13.682346	13.644073	0.038274	False
311	5.531405	5.404486	0.126920	False
312	5.545792	5.501877	0.043915	False
313	12.775484	14.198831	-1.423347	True
314	5.545792	5.501877	0.043915	False
315	12.956804	12.831219	0.125585	False
316	14.542706	14.380611	0.162095	False
317	5.545792	5.501877	0.043915	False
318	8.827682	8.700205	0.127477	False
319	8.268473	7.278950	0.989523	False
320	6.923418	6.956350	-0.032932	True
321	6.923418	6.956350	-0.032932	True
322	5.531405	5.404486	0.126920	False
323	2.794078	2.824799	-0.030721	True
324	2.794078	2.824799	-0.030721	True
325	5.545792	5.501877	0.043915	False
326	6.876515	6.883242	-0.006727	True
327	2.794078	2.824799	-0.030721	True
328	7.079502	7.106133	-0.026631	True
329	2.794078	2.824799	-0.030721	True
330	2.794078	2.824799	-0.030721	True
331	12.837552	12.868407	-0.030855	True
332	21.881612	21.815414	0.066198	False
333	6.196371	7.900783	-1.704412	True
334	6.698171	6.717295	-0.019125	True
335	5.531405	5.404486	0.126920	False
336	9.021928	8.905313	0.116616	False
337	8.837167	8.798257	0.038909	False
338	2.794078	2.824799	-0.030721	True
339	2.794078	2.824799	-0.030721	True
340	7.737843	7.784434	-0.046591	True
341	6.737425	6.464293	0.273132	False
342	2.794078	2.824799	-0.030721	True
343	10.792840	12.486172	-1.693332	True
344	5.545792	5.501877	0.043915	False
345	5.545792	5.501877	0.043915	False
346	6.196371	7.900783	-1.704412	True
347	5.819781	5.647784	0.171997	False
348	8.268473	7.278950	0.989523	False
349	17.136846	16.974338	0.162508	False
350	5.819781	5.647784	0.171997	False
351	12.712354	12.707092	0.005262	False
352	14.001943	14.024599	-0.022656	True
353	2.794078	2.824799	-0.030721	True
354	2.794078	2.824799	-0.030721	True
355	12.231994	11.958075	0.273919	False
356	5.819781	5.647784	0.171997	False
357	2.794078	2.824799	-0.030721	True
358	5.531405	5.404486	0.126920	False
359	2.794078	2.824799	-0.030721	True
360	5.531405	5.404486	0.126920	False
361	17.104670	17.429066	-0.324396	True
362	2.794078	2.824799	-0.030721	True
363	2.794078	2.824799	-0.030721	True
364	15.518782	14.609667	0.909114	False
365	11.158068	10.912543	0.245525	False
366	5.545792	5.501877	0.043915	False
367	17.616937	17.753307	-0.136370	True
368	6.090844	6.121861	-0.031017	True
369	2.794078	2.824799	-0.030721	True
370	12.248930	11.257365	0.991565	False
371	2.794078	2.824799	-0.030721	True
372	2.794078	2.824799	-0.030721	True
373	5.531405	5.404486	0.126920	False
374	2.794078	2.824799	-0.030721	True
375	2.794078	2.824799	-0.030721	True
376	6.284607	6.325642	-0.041036	True
377	2.794078	2.824799	-0.030721	True
378	2.794078	2.824799	-0.030721	True
379	2.794078	2.824799	-0.030721	True
380	2.794078	2.824799	-0.030721	True
381	2.794078	2.824799	-0.030721	True
382	15.583798	15.322408	0.261389	False
383	2.794078	2.824799	-0.030721	True
384	18.279282	18.253059	0.026224	False
385	16.906029	16.537124	0.368905	False
386	11.671425	11.192384	0.479041	False
387	2.794078	2.824799	-0.030721	True
388	10.365632	10.189831	0.175801	False
389	2.794078	2.824799	-0.030721	True
390	2.794078	2.824799	-0.030721	True
391	10.561989	10.598866	-0.036877	True
392	15.846267	15.629415	0.216852	False
393	5.819781	5.647784	0.171997	False
394	12.844054	12.808670	0.035383	False
395	6.801403	6.835458	-0.034055	True
396	2.794078	2.824799	-0.030721	True
397	10.066029	10.094862	-0.028833	True
398	2.794078	2.824799	-0.030721	True
399	2.794078	2.824799	-0.030721	True
400	5.545792	5.501877	0.043915	False
401	8.268473	7.278950	0.989523	False
402	2.794078	2.824799	-0.030721	True
403	9.186004	9.192679	-0.006675	True
404	11.612740	11.267153	0.345587	False
405	9.472986	11.088725	-1.615739	True
406	11.158068	10.912543	0.245525	False
407	2.794078	2.824799	-0.030721	True
408	2.794078	2.824799	-0.030721	True
409	8.553563	8.702959	-0.149396	True
410	11.145727	11.461505	-0.315778	True
411	2.794078	2.824799	-0.030721	True
412	20.042034	20.210008	-0.167974	True
413	8.723215	8.577547	0.145668	False
414	2.794078	2.824799	-0.030721	True
415	6.698171	6.717295	-0.019125	True
416	2.794078	2.824799	-0.030721	True
417	2.794078	2.824799	-0.030721	True
418	18.295435	19.796509	-1.501074	True
419	9.310244	9.148556	0.161688	False
420	2.794078	2.824799	-0.030721	True
421	8.268473	7.278950	0.989523	False
422	11.412497	10.510073	0.902425	False
423	2.794078	2.824799	-0.030721	True
424	13.954279	13.809255	0.145024	False
425	9.251079	8.660703	0.590376	False
426	5.531405	5.404486	0.126920	False
427	12.425172	12.011905	0.413267	False
428	2.794078	2.824799	-0.030721	True
429	5.545792	5.501877	0.043915	False
430	6.801403	6.835458	-0.034055	True
431	2.794078	2.824799	-0.030721	True
432	2.794078	2.824799	-0.030721	True
433	10.097958	10.132303	-0.034345	True
434	6.876515	6.883242	-0.006727	True
435	6.284607	6.325642	-0.041035	True
436	15.861176	16.389694	-0.528518	True
437	8.104812	7.828540	0.276272	False
438	2.794078	2.824799	-0.030721	True
439	13.415023	13.011970	0.403053	False
440	2.794078	2.824799	-0.030721	True
441	2.794078	2.824799	-0.030721	True
442	15.945661	15.949551	-0.003890	True
443	12.482629	12.335866	0.146763	False
444	6.764234	6.766938	-0.002703	True
445	18.550321	18.523934	0.026388	False
446	2.794078	2.824799	-0.030721	True
447	2.794078	2.824799	-0.030721	True
448	17.289685	17.148110	0.141575	False
449	9.251079	8.660703	0.590376	False
450	6.737425	6.464293	0.273132	False
451	13.462915	13.462938	-0.000022	True
452	13.321131	13.283498	0.037632	False
453	5.531405	5.404486	0.126920	False
454	20.209149	20.732382	-0.523233	True
455	8.837167	8.798257	0.038909	False
456	9.685379	11.392765	-1.707386	True
457	9.831216	9.783211	0.048005	False
458	2.794078	2.824799	-0.030721	True
459	2.794078	2.824799	-0.030721	True
460	2.794078	2.824799	-0.030721	True
461	2.794078	2.824799	-0.030721	True
462	7.391627	7.416534	-0.024907	True
463	5.545792	5.501877	0.043915	False
464	6.090844	6.121861	-0.031017	True
465	2.794078	2.824799	-0.030721	True
466	2.794078	2.824799	-0.030721	True
467	2.794078	2.824799	-0.030721	True
468	2.794078	2.824799	-0.030721	True
469	2.794078	2.824799	-0.030721	True
470	2.794078	2.824799	-0.030721	True
471	2.794078	2.824799	-0.030721	True
472	2.794078	2.824799	-0.030721	True
473	5.545792	5.501877	0.043915	False
474	13.377375	15.022320	-1.644945	True
475	8.095085	8.079849	0.015236	False
476	2.794078	2.824799	-0.030721	True
477	2.794078	2.824799	-0.030721	True
478	2.794078	2.824799	-0.030721	True
479	2.794078	2.824799	-0.030721	True
480	2.794078	2.824799	-0.030721	True
481	2.794078	2.824799	-0.030721	True
482	11.060907	10.889483	0.171424	False
483	6.876515	6.883242	-0.006727	True
484	2.794078	2.824799	-0.030721	True
485	2.794078	2.824799	-0.030721	True
486	2.794078	2.824799	-0.030721	True
487	6.698171	6.717295	-0.019125	True
488	2.794078	2.824799	-0.030721	True
489	2.794078	2.824799	-0.030721	True
490	2.794078	2.824799	-0.030721	True
491	2.794078	2.824799	-0.030721	True
492	2.794078	2.824799	-0.030721	True
493	5.531405	5.404486	0.126920	False
494	2.794078	2.824799	-0.030721	True
495	2.794078	2.824799	-0.030721	True
496	5.819781	5.647784	0.171997	False
497	6.876515	6.883242	-0.006727	True
498	5.819781	5.647784	0.171997	False
499	16.314861	16.013189	0.301672	False
500	10.558762	10.601946	-0.043184	True
501	2.794078	2.824799	-0.030721	True
502	6.876515	6.883242	-0.006727	True
503	2.794078	2.824799	-0.030721	True
504	2.794078	2.824799	-0.030721	True
505	6.284607	6.325642	-0.041035	True
506	10.246519	10.055157	0.191361	False
507	10.882154	10.917375	-0.035220	True
508	5.545792	5.501877	0.043915	False
509	15.872712	15.672266	0.200446	False
510	18.071453	18.215659	-0.144206	True
511	6.090844	6.121861	-0.031017	True
512	1.681559	1.754165	-0.072606	True
513	11.513635	11.945867	-0.432232	True
514	15.744847	15.931123	-0.186275	True
515	2.658175	2.660739	-0.002565	True
516	5.531405	5.404486	0.126920	False
517	11.331311	11.318120	0.013191	False
518	7.341305	7.368212	-0.026907	True
519	2.794078	2.824799	-0.030721	True
520	2.794078	2.824799	-0.030721	True
521	2.794078	2.824799	-0.030721	True
522	6.090844	6.121861	-0.031017	True
523	8.841840	8.798835	0.043005	False
524	2.794078	2.824799	-0.030721	True
525	2.794078	2.824799	-0.030721	True
526	2.794078	2.824799	-0.030721	True
527	2.794078	2.824799	-0.030721	True
528	2.794078	2.824799	-0.030721	True
529	5.531405	5.404486	0.126920	False
530	2.794078	2.824799	-0.030721	True
531	2.794078	2.824799	-0.030721	True
532	2.794078	2.824799	-0.030721	True
533	2.794078	2.824799	-0.030721	True
534	2.794078	2.824799	-0.030721	True
535	6.006206	6.055609	-0.049403	True
536	6.737425	6.464293	0.273132	False
537	11.661748	12.198220	-0.536472	True
538	1.386294	1.386294	0.000000	False
539	14.090051	15.706998	-1.616947	True
540	10.723566	10.725289	-0.001723	True
541	13.293315	13.110392	0.182923	False
542	7.751399	7.781580	-0.030181	True
543	5.819781	5.647784	0.171997	False
544	2.794078	2.824799	-0.030721	True
545	6.006206	6.055609	-0.049403	True
546	6.774787	6.803315	-0.028528	True
547	2.794078	2.824799	-0.030721	True
548	6.698171	6.717295	-0.019125	True
549	2.794078	2.824799	-0.030721	True
550	2.794078	2.824799	-0.030721	True
551	2.794078	2.824799	-0.030721	True
552	2.794078	2.824799	-0.030721	True
553	2.794078	2.824799	-0.030721	True
554	16.667960	16.733353	-0.065393	True
555	6.006206	6.055609	-0.049403	True
556	2.794078	2.824799	-0.030721	True
557	9.310244	9.148556	0.161688	False
558	16.118994	15.898086	0.220908	False
559	20.333219	20.070061	0.263158	False
560	17.720444	17.546225	0.174219	False
561	16.469005	16.605305	-0.136300	True
562	13.923153	14.446279	-0.523126	True
563	2.794078	2.824799	-0.030721	True
564	2.794078	2.824799	-0.030721	True
565	12.975084	12.816331	0.158753	False
566	5.545792	5.501877	0.043915	False
567	8.790896	9.321637	-0.530741	True
568	16.168071	16.170224	-0.002153	True
569	22.979082	23.386905	-0.407823	True
570	2.794078	2.824799	-0.030721	True
571	11.048216	11.046891	0.001325	False
572	2.794078	2.824799	-0.030721	True
573	8.995361	8.838894	0.156467	False
574	2.794078	2.824799	-0.030721	True
575	10.558762	10.601946	-0.043184	True
576	8.790896	9.321637	-0.530741	True
577	8.253879	8.041093	0.212785	False
578	8.995361	8.838894	0.156467	False
579	2.794078	2.824799	-0.030721	True
580	2.794078	2.824799	-0.030721	True
581	6.006206	6.055609	-0.049403	True
582	2.794078	2.824799	-0.030721	True
583	5.819781	5.647784	0.171997	False
584	9.675021	9.633414	0.041607	False
585	2.794078	2.824799	-0.030721	True
586	2.794078	2.824799	-0.030721	True
587	5.531405	5.404486	0.126920	False
588	2.616577	2.619906	-0.003330	True
589	6.284607	6.325642	-0.041035	True
590	2.794078	2.824799	-0.030721	True
591	2.794078	2.824799	-0.030721	True
592	2.794078	2.824799	-0.030721	True
593	2.794078	2.824799	-0.030721	True
594	2.794078	2.824799	-0.030721	True
595	2.794078	2.824799	-0.030721	True
596	2.794078	2.824799	-0.030721	True
597	2.794078	2.824799	-0.030721	True
598	2.794078	2.824799	-0.030721	True
599	2.794078	2.824799	-0.030721	True
600	2.794078	2.824799	-0.030721	True
601	2.794078	2.824799	-0.030721	True
602	2.794078	2.824799	-0.030721	True
603	6.737425	6.464293	0.273132	False
604	8.389829	8.929531	-0.539702	True
605	2.794078	2.824799	-0.030721	True
606	2.794078	2.824799	-0.030721	True
607	6.737425	6.464293	0.273132	False
608	10.203696	11.911441	-1.707745	True
609	2.794078	2.824799	-0.030721	True
610	2.794078	2.824799	-0.030721	True
611	2.794078	2.824799	-0.030721	True
612	2.794078	2.824799	-0.030721	True
613	10.291603	10.335965	-0.044361	True
614	2.794078	2.824799	-0.030721	True
615	5.531405	5.404486	0.126920	False
616	2.794078	2.824799	-0.030721	True
617	7.281431	7.330384	-0.048953	True
618	8.995361	8.838894	0.156467	False
619	2.794078	2.824799	-0.030721	True
620	2.794078	2.824799	-0.030721	True
621	2.794078	2.824799	-0.030721	True
622	2.794078	2.824799	-0.030721	True
623	2.794078	2.824799	-0.030721	True
624	2.794078	2.824799	-0.030721	True
625	7.737843	7.784434	-0.046591	True
626	12.921096	12.759322	0.161774	False
627	6.006206	6.055609	-0.049403	True
628	2.794078	2.824799	-0.030721	True
629	5.531405	5.404486	0.126920	False
630	2.794078	2.824799	-0.030721	True
631	2.794078	2.824799	-0.030721	True
632	2.794078	2.824799	-0.030721	True
633	2.794078	2.824799	-0.030721	True
634	13.451449	13.310798	0.140650	False
635	6.764234	6.766938	-0.002703	True
636	2.794078	2.824799	-0.030721	True
637	2.794078	2.824799	-0.030721	True
638	2.794078	2.824799	-0.030721	True
639	2.794078	2.824799	-0.030721	True
640	2.794078	2.824799	-0.030721	True
641	2.794078	2.824799	-0.030721	True
642	2.794078	2.824799	-0.030721	True
643	2.794078	2.824799	-0.030721	True
644	2.794078	2.824799	-0.030721	True
645	2.794078	2.824799	-0.030721	True
646	2.794078	2.824799	-0.030721	True
647	2.794078	2.824799	-0.030721	True
648	2.794078	2.824799	-0.030721	True
649	2.794078	2.824799	-0.030721	True
650	2.794078	2.824799	-0.030721	True
651	2.794078	2.824799	-0.030721	True
652	2.794078	2.824799	-0.030721	True
653	2.794078	2.824799	-0.030721	True
654	2.794078	2.824799	-0.030721	True
655	2.794078	2.824799	-0.030721	True
656	2.794078	2.824799	-0.030721	True
657	2.794078	2.824799	-0.030721	True
658	2.794078	2.824799	-0.030721	True
659	2.794078	2.824799	-0.030721	True
660	2.794078	2.824799	-0.030721	True
661	6.284607	6.325642	-0.041035	True
662	2.794078	2.824799	-0.030721	True
663	9.150949	9.178816	-0.027867	True
664	8.235069	8.647211	-0.412142	True
665	12.851636	13.355176	-0.503539	True
666	7.856222	8.176716	-0.320494	True
667	2.794078	2.824799	-0.030721	True
668	6.737425	6.464293	0.273132	False
669	14.302628	14.286631	0.015996	False
670	9.685379	11.392765	-1.707386	True
671	19.238166	19.544728	-0.306562	True
672	10.718065	10.442756	0.275309	False
673	5.545792	5.501877	0.043915	False
674	9.613824	9.462883	0.150941	False
675	9.104794	8.944260	0.160535	False
676	2.794078	2.824799	-0.030721	True
677	15.062526	14.885898	0.176628	False
678	6.196371	7.900783	-1.704412	True
679	5.531405	5.404486	0.126920	False
680	6.764234	6.766938	-0.002703	True
681	6.090844	6.121861	-0.031017	True
682	8.723215	8.577547	0.145668	False
683	19.652183	19.412107	0.240076	False
684	12.738861	12.159405	0.579455	False
685	7.341305	7.368212	-0.026907	True
686	12.479859	12.287174	0.192685	False
687	18.539480	18.422635	0.116846	False
688	6.006206	6.055609	-0.049403	True
689	9.310244	9.148556	0.161687	False
690	9.512114	9.383001	0.129113	False
691	2.794078	2.824799	-0.030721	True
692	13.829825	13.566164	0.263661	False
693	6.284607	6.325642	-0.041035	True
694	2.794078	2.824799	-0.030721	True
695	19.848543	20.133827	-0.285284	True
696	2.794078	2.824799	-0.030721	True
697	9.409638	9.118316	0.291322	False
698	11.892005	11.696411	0.195594	False
699	13.258401	12.671358	0.587042	False
700	8.389829	8.929531	-0.539702	True
701	2.794078	2.824799	-0.030721	True
702	13.004980	12.867052	0.137928	False
703	2.794078	2.824799	-0.030721	True
704	6.923418	6.956350	-0.032932	True
705	5.545792	5.501877	0.043915	False
706	8.995361	8.838894	0.156467	False
707	13.165576	13.134253	0.031323	False
708	10.175541	10.052216	0.123325	False
709	13.002649	12.849511	0.153138	False
710	15.687379	15.310420	0.376959	False
711	2.794078	2.824799	-0.030721	True
712	2.794078	2.824799	-0.030721	True
713	13.750234	13.548728	0.201505	False
714	5.531405	5.404486	0.126920	False
715	2.794078	2.824799	-0.030721	True
716	12.310916	11.321291	0.989625	False
717	12.777474	12.779153	-0.001679	True
718	9.341112	9.368493	-0.027382	True
719	20.145881	20.144749	0.001132	False
720	10.273790	11.932136	-1.658346	True
721	6.196371	7.900783	-1.704412	True
722	16.260971	15.953339	0.307633	False
723	2.794078	2.824799	-0.030721	True
724	5.819781	5.647784	0.171997	False
725	5.531405	5.404486	0.126920	False
726	11.836929	12.155228	-0.318299	True
727	5.531405	5.404486	0.126920	False
728	14.955541	15.202653	-0.247112	True
729	7.079502	7.106133	-0.026631	True
730	10.325292	12.029826	-1.704534	True
731	13.007461	12.851658	0.155803	False
732	2.794078	2.824799	-0.030721	True
733	2.794078	2.824799	-0.030721	True
734	9.512114	9.383001	0.129113	False
735	6.196371	7.900783	-1.704412	True
736	7.856222	8.176716	-0.320494	True
737	17.021060	17.561147	-0.540087	True
738	10.625049	12.094708	-1.469659	True
739	2.794078	2.824799	-0.030721	True
740	12.956804	12.831219	0.125585	False
741	5.531405	5.404486	0.126920	False
742	2.794078	2.824799	-0.030721	True
743	2.794078	2.824799	-0.030721	True
744	2.794078	2.824799	-0.030721	True
745	8.253879	8.041093	0.212785	False
746	11.552653	10.569956	0.982697	False
747	10.858343	11.002325	-0.143983	True
748	14.011758	13.985638	0.026120	False
749	12.715557	12.515907	0.199650	False
750	16.385768	16.227454	0.158314	False
751	12.667508	12.678089	-0.010581	True
752	5.819781	5.647784	0.171997	False
753	2.794078	2.824799	-0.030721	True
754	2.794078	2.824799	-0.030721	True
755	13.730419	13.550131	0.180288	False
756	5.819781	5.647784	0.171997	False
757	2.794078	2.824799	-0.030721	True
758	14.432710	14.358275	0.074435	False
759	14.426023	14.165257	0.260766	False
760	5.819781	5.647784	0.171997	False
761	14.499675	14.297858	0.201818	False
762	2.794078	2.824799	-0.030721	True
763	2.794078	2.824799	-0.030721	True
764	10.607028	10.649161	-0.042133	True
765	2.794078	2.824799	-0.030721	True
766	2.794078	2.824799	-0.030721	True
767	6.801403	6.835458	-0.034055	True
768	2.794078	2.824799	-0.030721	True
769	2.794078	2.824799	-0.030721	True
770	2.794078	2.824799	-0.030721	True
771	12.603219	12.177237	0.425982	False
772	11.534604	11.328782	0.205822	False
773	18.988312	19.155826	-0.167515	True
774	15.606416	16.249801	-0.643385	True
775	6.876515	6.883242	-0.006727	True
776	11.139915	12.859160	-1.719245	True
777	13.477412	13.506686	-0.029274	True
778	2.794078	2.824799	-0.030721	True
779	12.288396	12.129687	0.158709	False
780	8.553563	8.702959	-0.149396	True
781	8.553563	8.702959	-0.149396	True
782	15.308870	15.047446	0.261424	False
783	2.794078	2.824799	-0.030721	True
784	9.930272	11.120432	-1.190160	True
785	11.792946	11.586631	0.206315	False
786	9.532270	9.541978	-0.009708	True
787	2.794078	2.824799	-0.030721	True
788	8.740510	8.627251	0.113259	False
789	5.545792	5.501877	0.043915	False
790	2.794078	2.824799	-0.030721	True
791	13.502102	13.175107	0.326995	False
792	2.794078	2.824799	-0.030721	True
793	6.284607	6.325642	-0.041035	True
794	23.151392	23.417503	-0.266111	True
795	2.794078	2.824799	-0.030721	True
796	11.331311	11.318120	0.013191	False
797	11.863547	12.187375	-0.323828	True
798	2.794078	2.824799	-0.030721	True
799	2.794078	2.824799	-0.030721	True
800	13.960445	13.914747	0.045698	False
801	5.545792	5.501877	0.043915	False
802	5.545792	5.501877	0.043915	False
803	16.288987	16.170788	0.118199	False
804	15.827937	16.172199	-0.344262	True
805	6.006206	6.055609	-0.049403	True
806	12.737172	12.686934	0.050238	False
807	8.553563	8.702959	-0.149396	True
808	2.794078	2.824799	-0.030721	True
809	12.235461	12.211810	0.023650	False
810	2.794078	2.824799	-0.030721	True
811	8.104812	7.828540	0.276272	False
812	7.856222	8.176716	-0.320494	True
813	5.531405	5.404486	0.126920	False
814	9.594902	9.425498	0.169404	False
815	12.850146	12.738230	0.111916	False
816	13.536279	13.244547	0.291732	False
817	2.794078	2.824799	-0.030721	True
818	5.545792	5.501877	0.043915	False
819	2.794078	2.824799	-0.030721	True
820	6.698171	6.717296	-0.019125	True
821	15.410453	15.445089	-0.034636	True
822	9.512114	9.382999	0.129115	False
823	2.794078	2.824799	-0.030721	True
824	20.919128	20.686231	0.232897	False
825	9.675021	9.633414	0.041607	False
826	11.637237	11.833593	-0.196355	True
827	5.545792	5.501877	0.043915	False
828	13.267822	13.068426	0.199396	False
829	11.212333	11.217223	-0.004890	True
830	2.794078	2.824799	-0.030721	True
831	8.723215	8.577547	0.145668	False
832	11.746741	10.774545	0.972196	False
833	11.346205	11.676604	-0.330399	True
834	2.794078	2.824799	-0.030721	True
835	2.794078	2.824799	-0.030721	True
836	2.794078	2.824799	-0.030721	True
837	2.794078	2.824799	-0.030721	True
838	2.794078	2.824799	-0.030721	True
839	2.794078	2.824799	-0.030721	True
840	9.628066	9.560297	0.067769	False
841	9.816830	9.685820	0.131010	False
842	10.702271	10.686501	0.015770	False
843	2.794078	2.824799	-0.030721	True
844	7.281431	7.330384	-0.048953	True
845	12.235461	12.211810	0.023651	False
846	6.284607	6.325642	-0.041035	True
847	2.794078	2.824799	-0.030721	True
848	11.212333	11.217223	-0.004890	True
849	6.284607	6.325642	-0.041035	True
850	6.006206	6.055609	-0.049403	True
851	19.203100	20.902546	-1.699446	True
852	2.794078	2.824799	-0.030721	True
853	9.986726	10.033869	-0.047143	True
854	6.923418	6.956350	-0.032932	True
855	2.794078	2.824799	-0.030721	True
856	2.794078	2.824799	-0.030721	True
857	10.705496	10.727955	-0.022458	True
858	6.284607	6.325642	-0.041035	True
859	6.284607	6.325642	-0.041035	True
860	10.625049	12.094709	-1.469660	True
861	2.794078	2.824799	-0.030721	True
862	2.794078	2.824799	-0.030721	True
863	2.794078	2.824799	-0.030721	True
864	6.876515	6.883242	-0.006727	True
865	6.764234	6.766938	-0.002703	True
866	10.376238	10.403164	-0.026926	True
867	6.090844	6.121861	-0.031017	True
868	9.872200	9.914449	-0.042248	True
869	16.985327	16.783462	0.201865	False
870	2.794078	2.824799	-0.030721	True
871	6.737425	6.464293	0.273132	False
872	5.531405	5.404486	0.126920	False
873	2.794078	2.824799	-0.030721	True
874	2.794078	2.824799	-0.030721	True
875	9.021928	8.905313	0.116616	False
876	2.794078	2.824799	-0.030721	True
877	2.794078	2.824799	-0.030721	True
878	12.513292	11.931370	0.581923	False
879	16.290269	15.996069	0.294200	False
880	7.737843	7.784434	-0.046591	True
881	15.589902	15.302882	0.287020	False
882	13.694476	13.632523	0.061953	False
883	6.698171	6.717295	-0.019125	True
884	10.949849	11.015074	-0.065224	True
885	5.531405	5.404486	0.126920	False
886	2.794078	2.824799	-0.030721	True
887	6.764234	6.766938	-0.002703	True
888	6.006206	6.055609	-0.049403	True
889	5.531405	5.404486	0.126920	False
890	17.745072	17.598148	0.146924	False
891	9.723755	9.540161	0.183595	False
892	2.794078	2.824799	-0.030721	True
893	5.819781	5.647784	0.171997	False
894	2.794078	2.824799	-0.030721	True
895	2.794078	2.824799	-0.030721	True
896	2.794078	2.824799	-0.030721	True
897	2.794078	2.824799	-0.030721	True
898	2.794078	2.824799	-0.030721	True
