Site-Specific Likelihood Analysis for Clade_5
==================================================

Supporting sites: 651
Conflicting sites: 246
Neutral sites: 1
Support ratio: 2.6463
Sum of supporting deltas: -63.4931
Sum of conflicting deltas: 39.3736
Weighted support ratio: 1.6126

Site	ML_Tree_lnL	Constrained_lnL	Delta_lnL	Supports_Branch
1	2.456587	2.477414	-0.020827	True
2	2.456587	2.477414	-0.020827	True
3	4.038130	4.067509	-0.029379	True
4	5.184402	5.220111	-0.035709	True
5	2.772967	2.795959	-0.022993	True
6	2.772967	2.795959	-0.022993	True
7	10.230275	10.238339	-0.008064	True
8	5.548879	5.345984	0.202895	False
9	5.816510	5.834701	-0.018191	True
10	15.007928	14.930601	0.077327	False
11	4.038130	4.067509	-0.029379	True
12	4.038130	4.067509	-0.029379	True
13	12.533408	12.489151	0.044257	False
14	4.038130	4.067509	-0.029379	True
15	2.562234	2.583806	-0.021573	True
16	4.949938	4.984720	-0.034782	True
17	10.817138	10.832055	-0.014917	True
18	9.148160	9.150951	-0.002791	True
19	17.140367	17.164077	-0.023710	True
20	11.384453	11.440136	-0.055683	True
21	12.406741	12.417853	-0.011113	True
22	12.991821	13.012596	-0.020775	True
23	2.562234	2.583806	-0.021573	True
24	2.772967	2.795959	-0.022993	True
25	19.127626	19.619256	-0.491630	True
26	2.456587	2.477414	-0.020827	True
27	2.772967	2.795959	-0.022993	True
28	12.173326	12.198492	-0.025167	True
29	7.175615	7.185533	-0.009919	True
30	2.772967	2.795959	-0.022993	True
31	20.854252	20.799723	0.054529	False
32	4.038130	4.067509	-0.029379	True
33	2.562234	2.583806	-0.021573	True
34	12.352344	12.348821	0.003522	False
35	2.562234	2.583806	-0.021573	True
36	2.456587	2.477414	-0.020827	True
37	12.931381	12.949391	-0.018010	True
38	4.038130	4.067509	-0.029379	True
39	4.038130	4.067509	-0.029379	True
40	18.676868	18.498811	0.178057	False
41	5.227343	5.251490	-0.024147	True
42	2.772967	2.795959	-0.022993	True
43	13.815825	13.596782	0.219043	False
44	2.456587	2.477414	-0.020827	True
45	2.562234	2.583806	-0.021573	True
46	11.842167	11.720387	0.121780	False
47	2.772967	2.795959	-0.022993	True
48	2.562234	2.583806	-0.021573	True
49	17.765993	17.576432	0.189561	False
50	2.772967	2.795959	-0.022993	True
51	2.562234	2.583806	-0.021573	True
52	8.938629	8.942052	-0.003423	True
53	12.331764	13.421547	-1.089783	True
54	2.772967	2.795959	-0.022993	True
55	15.097890	14.933662	0.164229	False
56	14.874240	15.031299	-0.157059	True
57	5.627305	5.422112	0.205192	False
58	12.955324	12.763664	0.191660	False
59	2.772967	2.795959	-0.022993	True
60	2.772967	2.795959	-0.022993	True
61	5.184402	5.220111	-0.035709	True
62	2.772967	2.795959	-0.022993	True
63	4.038130	4.067509	-0.029379	True
64	5.470923	5.475418	-0.004495	True
65	9.493274	9.373079	0.120194	False
66	2.772967	2.795959	-0.022993	True
67	13.755200	13.570454	0.184746	False
68	4.038130	4.067509	-0.029379	True
69	2.562234	2.583806	-0.021573	True
70	8.134738	7.961059	0.173679	False
71	2.456587	2.477414	-0.020827	True
72	2.456587	2.477414	-0.020827	True
73	9.531665	9.544320	-0.012655	True
74	5.192160	5.229630	-0.037469	True
75	2.562234	2.583806	-0.021573	True
76	5.366011	5.369855	-0.003844	True
77	2.456587	2.477414	-0.020827	True
78	2.456587	2.477414	-0.020827	True
79	9.124614	9.152890	-0.028276	True
80	2.772967	2.795959	-0.022993	True
81	2.456587	2.477414	-0.020827	True
82	10.809142	10.809486	-0.000344	True
83	4.038130	4.067509	-0.029379	True
84	2.456587	2.477414	-0.020827	True
85	7.425945	7.428774	-0.002829	True
86	2.562234	2.583806	-0.021573	True
87	4.038130	4.067509	-0.029379	True
88	10.067736	9.790711	0.277025	False
89	6.008059	6.042840	-0.034782	True
90	6.369387	6.032177	0.337210	False
91	16.605048	16.521585	0.083463	False
92	2.562234	2.583806	-0.021573	True
93	2.456587	2.477414	-0.020827	True
94	9.513817	9.500336	0.013481	False
95	2.456587	2.477414	-0.020827	True
96	8.197467	8.214465	-0.016999	True
97	9.992351	9.960334	0.032018	False
98	2.562234	2.583806	-0.021573	True
99	4.038130	4.067509	-0.029379	True
100	12.801269	12.692387	0.108882	False
101	2.456587	2.477414	-0.020827	True
102	9.755642	10.198361	-0.442720	True
103	6.100058	5.770673	0.329385	False
104	2.456587	2.477414	-0.020827	True
105	2.772967	2.795959	-0.022993	True
106	2.456587	2.477414	-0.020827	True
107	10.780339	10.825219	-0.044880	True
108	7.612405	7.570568	0.041837	False
109	13.308010	15.005590	-1.697581	True
110	5.227343	5.251490	-0.024147	True
111	2.772967	2.795959	-0.022993	True
112	14.760268	14.713142	0.047126	False
113	8.955430	8.788227	0.167203	False
114	2.562234	2.583806	-0.021573	True
115	13.764779	13.735630	0.029149	False
116	2.562234	2.583806	-0.021573	True
117	8.149398	8.064317	0.085081	False
118	10.831633	10.859511	-0.027879	True
119	4.038130	4.067509	-0.029379	True
120	4.038130	4.067509	-0.029379	True
121	15.334852	14.208372	1.126480	False
122	5.274549	5.279044	-0.004495	True
123	2.772967	2.795959	-0.022993	True
124	16.789760	16.524941	0.264819	False
125	2.562234	2.583806	-0.021573	True
126	2.456587	2.477414	-0.020827	True
127	2.456587	2.477414	-0.020827	True
128	6.578329	6.572922	0.005407	False
129	5.646211	5.442453	0.203758	False
130	16.574472	16.516837	0.057635	False
131	8.467663	8.443952	0.023711	False
132	2.772967	2.795959	-0.022993	True
133	5.366011	5.369855	-0.003844	True
134	7.642761	7.584159	0.058602	False
135	2.772967	2.795959	-0.022993	True
136	9.337247	9.348008	-0.010761	True
137	2.562234	2.583806	-0.021573	True
138	2.562234	2.583806	-0.021573	True
139	12.010009	11.840878	0.169131	False
140	6.605169	6.608726	-0.003557	True
141	2.772967	2.795959	-0.022993	True
142	15.302495	14.742142	0.560353	False
143	6.008059	6.042840	-0.034782	True
144	8.161897	7.989440	0.172457	False
145	2.456587	2.477414	-0.020827	True
146	4.038130	4.067509	-0.029379	True
147	6.153113	6.177259	-0.024147	True
148	13.992351	14.013558	-0.021207	True
149	14.509552	14.340272	0.169279	False
150	5.848657	5.870293	-0.021636	True
151	14.079256	14.104494	-0.025238	True
152	2.772967	2.795959	-0.022993	True
153	4.038130	4.067509	-0.029379	True
154	2.456587	2.477414	-0.020827	True
155	2.772967	2.795959	-0.022993	True
156	4.038130	4.067509	-0.029379	True
157	2.456587	2.477414	-0.020827	True
158	9.320283	9.146873	0.173411	False
159	2.772967	2.795959	-0.022993	True
160	17.662488	17.603424	0.059063	False
161	9.535537	9.301201	0.234336	False
162	8.641399	8.376075	0.265323	False
163	10.387569	10.445404	-0.057835	True
164	4.038130	4.067509	-0.029379	True
165	2.562234	2.583806	-0.021573	True
166	5.558954	5.575400	-0.016446	True
167	2.456587	2.477414	-0.020827	True
168	6.463427	6.499894	-0.036468	True
169	5.227343	5.251490	-0.024147	True
170	5.184402	5.220111	-0.035709	True
171	2.772967	2.795959	-0.022993	True
172	8.579958	8.450464	0.129494	False
173	12.585803	12.592904	-0.007101	True
174	2.562234	2.583806	-0.021573	True
175	9.024065	9.103351	-0.079286	True
176	2.456587	2.477414	-0.020827	True
177	2.456587	2.477414	-0.020827	True
178	6.355603	6.366632	-0.011029	True
179	2.562234	2.583806	-0.021573	True
180	2.772967	2.795959	-0.022993	True
181	14.459237	14.255285	0.203953	False
182	4.038130	4.067509	-0.029379	True
183	2.562234	2.583806	-0.021573	True
184	6.355603	6.366632	-0.011029	True
185	9.742434	9.768027	-0.025592	True
186	2.772967	2.795959	-0.022993	True
187	5.082289	5.117071	-0.034782	True
188	2.562234	2.583806	-0.021573	True
189	2.562234	2.583806	-0.021573	True
190	5.743280	5.756563	-0.013283	True
191	11.217868	11.117764	0.100104	False
192	2.562234	2.583806	-0.021573	True
193	11.175466	11.132658	0.042808	False
194	8.898110	8.877706	0.020405	False
195	2.562234	2.583806	-0.021573	True
196	13.507993	13.460254	0.047740	False
197	2.456587	2.477414	-0.020827	True
198	2.772967	2.795959	-0.022993	True
199	13.128708	13.139471	-0.010764	True
200	2.456587	2.477414	-0.020827	True
201	2.456587	2.477414	-0.020827	True
202	15.068733	17.174571	-2.105837	True
203	5.816510	5.834701	-0.018191	True
204	2.772967	2.795959	-0.022993	True
205	12.626923	12.650810	-0.023887	True
206	8.619739	8.459060	0.160680	False
207	2.772967	2.795959	-0.022993	True
208	16.989014	16.989913	-0.000899	True
209	4.038130	4.067509	-0.029379	True
210	4.038130	4.067509	-0.029379	True
211	21.961502	21.915102	0.046400	False
212	4.038130	4.067509	-0.029379	True
213	2.456587	2.477414	-0.020827	True
214	7.285214	7.347434	-0.062220	True
215	5.227343	5.251490	-0.024147	True
216	2.772967	2.795959	-0.022993	True
217	9.396739	9.134561	0.262178	False
218	5.297678	5.324027	-0.026349	True
219	9.473560	9.421404	0.052155	False
220	11.092617	11.081249	0.011368	False
221	6.463427	6.499894	-0.036468	True
222	5.297678	5.324027	-0.026349	True
223	11.011080	10.946123	0.064957	False
224	6.194944	8.173601	-1.978657	True
225	5.548079	5.553796	-0.005717	True
226	10.144501	10.520705	-0.376204	True
227	16.707361	16.683549	0.023812	False
228	5.697444	5.492190	0.205254	False
229	12.327663	12.315348	0.012315	False
230	13.085327	12.831199	0.254128	False
231	2.562234	2.583806	-0.021573	True
232	11.733629	11.558122	0.175507	False
233	14.302495	14.261737	0.040757	False
234	5.939653	5.952937	-0.013284	True
235	15.424090	14.611257	0.812833	False
236	2.772967	2.795959	-0.022993	True
237	2.772967	2.795959	-0.022993	True
238	12.099288	12.008923	0.090365	False
239	2.772967	2.795959	-0.022993	True
240	2.562234	2.583806	-0.021573	True
241	11.058993	10.889119	0.169874	False
242	2.772967	2.795959	-0.022993	True
243	4.038130	4.067509	-0.029379	True
244	15.876590	15.861002	0.015588	False
245	6.887250	6.883427	0.003823	False
246	2.562234	2.583806	-0.021573	True
247	11.078582	11.084166	-0.005584	True
248	7.872020	7.708803	0.163217	False
249	2.456587	2.477414	-0.020827	True
250	11.719624	11.647281	0.072343	False
251	7.580215	7.597491	-0.017276	True
252	12.603631	12.849371	-0.245740	True
253	11.336960	10.046694	1.290266	False
254	2.456587	2.477414	-0.020827	True
255	2.562234	2.583806	-0.021573	True
256	15.095725	14.436809	0.658916	False
257	6.242175	6.242314	-0.000139	True
258	2.772967	2.795959	-0.022993	True
259	13.767984	13.649352	0.118632	False
260	15.507773	15.468636	0.039137	False
261	5.829130	5.825306	0.003823	False
262	15.213996	15.209734	0.004262	False
263	14.298037	14.408872	-0.110836	True
264	2.772967	2.795959	-0.022993	True
265	15.572145	15.544741	0.027405	False
266	6.008059	6.042840	-0.034782	True
267	5.816510	5.834701	-0.018191	True
268	10.489545	10.466128	0.023417	False
269	4.038130	4.067509	-0.029379	True
270	4.038130	4.067509	-0.029379	True
271	13.586761	13.537376	0.049385	False
272	17.491111	17.500520	-0.009409	True
273	6.540850	6.605661	-0.064810	True
274	17.694257	19.154393	-1.460136	True
275	2.456587	2.477414	-0.020827	True
276	2.456587	2.477414	-0.020827	True
277	11.823640	11.693940	0.129700	False
278	6.578329	6.572922	0.005407	False
279	5.256182	5.293651	-0.037469	True
280	8.091199	8.108443	-0.017244	True
281	7.730161	7.761969	-0.031808	True
282	2.772967	2.795959	-0.022993	True
283	7.165429	7.182673	-0.017244	True
284	7.563436	7.576649	-0.013213	True
285	2.772967	2.795959	-0.022993	True
286	15.692530	15.744165	-0.051635	True
287	2.456587	2.477414	-0.020827	True
288	2.562234	2.583806	-0.021573	True
289	15.083680	15.063033	0.020647	False
290	7.198989	7.220326	-0.021336	True
291	2.562234	2.583806	-0.021573	True
292	7.879341	7.860780	0.018561	False
293	2.562234	2.583806	-0.021573	True
294	2.772967	2.795959	-0.022993	True
295	16.916608	18.123885	-1.207277	True
296	2.772967	2.795959	-0.022993	True
297	2.456587	2.477414	-0.020827	True
298	5.816510	5.834701	-0.018191	True
299	2.772967	2.795959	-0.022993	True
300	2.562234	2.583806	-0.021573	True
301	16.103555	15.872742	0.230813	False
302	2.562234	2.583806	-0.021573	True
303	2.772967	2.795959	-0.022993	True
304	17.952118	17.853298	0.098820	False
305	8.035463	8.015669	0.019794	False
306	2.456587	2.477414	-0.020827	True
307	12.778080	12.457542	0.320538	False
308	2.456587	2.477414	-0.020827	True
309	2.772967	2.795959	-0.022993	True
310	15.844571	15.854244	-0.009672	True
311	5.256182	5.293651	-0.037469	True
312	5.233656	5.260005	-0.026349	True
313	11.811908	11.626711	0.185197	False
314	6.051723	6.074721	-0.022998	True
315	12.419327	12.403684	0.015643	False
316	13.910291	13.895766	0.014525	False
317	5.125954	5.148951	-0.022998	True
318	8.376860	8.379318	-0.002458	True
319	7.669542	7.548688	0.120854	False
320	7.425945	7.428774	-0.002829	True
321	6.605169	6.608726	-0.003557	True
322	5.082289	5.117071	-0.034782	True
323	2.562234	2.583806	-0.021573	True
324	2.456587	2.477414	-0.020827	True
325	6.051723	6.074721	-0.022998	True
326	6.485579	6.486465	-0.000887	True
327	4.038130	4.067509	-0.029379	True
328	7.563436	7.576649	-0.013213	True
329	4.038130	4.067509	-0.029379	True
330	4.038130	4.067509	-0.029379	True
331	12.008110	13.126294	-1.118184	True
332	22.504099	22.476244	0.027855	False
333	5.576269	5.594478	-0.018209	True
334	7.175615	7.185533	-0.009919	True
335	5.184402	5.220111	-0.035709	True
336	8.433441	8.462640	-0.029199	True
337	8.411606	8.347335	0.064272	False
338	2.456587	2.477414	-0.020827	True
339	2.562234	2.583806	-0.021573	True
340	7.121812	7.075577	0.046235	False
341	6.369387	6.032177	0.337210	False
342	2.456587	2.477414	-0.020827	True
343	10.289777	10.322749	-0.032972	True
344	5.030970	5.055116	-0.024146	True
345	6.051723	6.074721	-0.022998	True
346	5.816510	5.834701	-0.018191	True
347	5.366011	5.369855	-0.003844	True
348	7.783391	7.683788	0.099603	False
349	17.079183	16.827382	0.251801	False
350	5.233659	5.237503	-0.003844	True
351	12.879132	12.753663	0.125469	False
352	13.249306	13.237737	0.011568	False
353	2.456587	2.477414	-0.020827	True
354	2.456587	2.477414	-0.020827	True
355	11.682250	11.608977	0.073273	False
356	5.233659	5.237503	-0.003844	True
357	2.772967	2.795959	-0.022993	True
358	4.949938	4.984720	-0.034782	True
359	2.456587	2.477414	-0.020827	True
360	5.082289	5.117071	-0.034782	True
361	19.008191	19.039767	-0.031576	True
362	2.562234	2.583806	-0.021573	True
363	2.562234	2.583806	-0.021573	True
364	14.277853	14.277524	0.000329	False
365	10.334079	10.394959	-0.060881	True
366	5.227343	5.251490	-0.024147	True
367	16.416465	16.412140	0.004325	False
368	5.829130	5.825306	0.003823	False
369	2.772967	2.795959	-0.022993	True
370	11.687438	11.611975	0.075464	False
371	2.456587	2.477414	-0.020827	True
372	2.562234	2.583806	-0.021573	True
373	4.949938	4.984720	-0.034782	True
374	2.562234	2.583806	-0.021573	True
375	4.038130	4.067509	-0.029379	True
376	5.703659	5.716189	-0.012530	True
377	4.038130	4.067509	-0.029379	True
378	2.456587	2.477414	-0.020827	True
379	2.456587	2.477414	-0.020827	True
380	2.456587	2.477414	-0.020827	True
381	2.456587	2.477414	-0.020827	True
382	14.886366	14.818357	0.068009	False
383	2.456587	2.477414	-0.020827	True
384	17.465291	17.217392	0.247899	False
385	16.676387	16.556852	0.119535	False
386	11.016967	10.804532	0.212434	False
387	2.772967	2.795959	-0.022993	True
388	9.600356	9.523925	0.076431	False
389	2.456587	2.477414	-0.020827	True
390	2.772967	2.795959	-0.022993	True
391	11.836562	11.840881	-0.004319	True
392	14.801967	14.916815	-0.114848	True
393	5.548079	5.553796	-0.005717	True
394	12.308009	12.248143	0.059867	False
395	6.354920	6.379833	-0.024913	True
396	2.772967	2.795959	-0.022993	True
397	11.384453	11.440136	-0.055683	True
398	2.562234	2.583806	-0.021573	True
399	2.456587	2.477414	-0.020827	True
400	5.227343	5.251490	-0.024147	True
401	7.439160	7.335463	0.103697	False
402	2.772967	2.795959	-0.022993	True
403	8.331065	8.063048	0.268017	False
404	11.863772	11.749930	0.113842	False
405	8.980891	8.788755	0.192136	False
406	10.375538	10.483421	-0.107883	True
407	2.562234	2.583806	-0.021573	True
408	2.562234	2.583806	-0.021573	True
409	7.700684	7.694307	0.006377	False
410	10.217971	10.139880	0.078091	False
411	2.772967	2.795959	-0.022993	True
412	18.877042	18.918747	-0.041705	True
413	7.835590	7.667972	0.167618	False
414	2.772967	2.795959	-0.022993	True
415	6.355603	6.366632	-0.011029	True
416	2.562234	2.583806	-0.021573	True
417	2.772967	2.795959	-0.022993	True
418	17.163701	17.031943	0.131758	False
419	8.848184	8.844349	0.003835	False
420	2.772967	2.795959	-0.022993	True
421	7.669542	7.548688	0.120854	False
422	10.534195	9.809319	0.724877	False
423	2.562234	2.583806	-0.021573	True
424	13.269215	13.116949	0.152266	False
425	8.558124	8.285068	0.273056	False
426	5.256182	5.293651	-0.037469	True
427	12.593257	12.569184	0.024072	False
428	2.456587	2.477414	-0.020827	True
429	6.051723	6.074721	-0.022998	True
430	6.459506	6.485208	-0.025702	True
431	2.562234	2.583806	-0.021573	True
432	2.562234	2.583806	-0.021573	True
433	9.652524	9.652128	0.000396	False
434	7.353331	7.353330	0.000002	False
435	6.761780	6.774310	-0.012530	True
436	15.812709	15.663677	0.149032	False
437	9.163806	9.024850	0.138956	False
438	2.772967	2.795959	-0.022993	True
439	12.536998	12.316794	0.220203	False
440	2.456587	2.477414	-0.020827	True
441	2.772967	2.795959	-0.022993	True
442	15.207950	14.771992	0.435958	False
443	12.433867	12.247999	0.185868	False
444	6.481934	8.603741	-2.121807	True
445	18.486393	19.572569	-1.086175	True
446	4.038130	4.067509	-0.029379	True
447	4.038130	4.067509	-0.029379	True
448	17.468514	17.078147	0.390366	False
449	8.548530	8.279328	0.269202	False
450	6.370672	6.034344	0.336328	False
451	12.862857	12.583789	0.279067	False
452	13.611002	13.617999	-0.006996	True
453	5.184402	5.220111	-0.035709	True
454	20.179602	19.861361	0.318241	False
455	8.347554	8.298333	0.049221	False
456	8.755054	8.764301	-0.009247	True
457	9.408090	9.424658	-0.016568	True
458	2.772967	2.795959	-0.022993	True
459	4.038130	4.067509	-0.029379	True
460	2.772967	2.795959	-0.022993	True
461	2.456587	2.477414	-0.020827	True
462	7.868218	7.902081	-0.033863	True
463	5.125954	5.148951	-0.022998	True
464	5.829130	5.825306	0.003823	False
465	2.456587	2.477414	-0.020827	True
466	2.772967	2.795959	-0.022993	True
467	2.456587	2.477414	-0.020827	True
468	4.038130	4.067509	-0.029379	True
469	2.772967	2.795959	-0.022993	True
470	2.772967	2.795959	-0.022993	True
471	2.772967	2.795959	-0.022993	True
472	2.456587	2.477414	-0.020827	True
473	6.051723	6.074721	-0.022998	True
474	12.533408	12.489151	0.044257	False
475	7.609813	7.921005	-0.311192	True
476	2.456587	2.477414	-0.020827	True
477	2.456587	2.477414	-0.020827	True
478	2.456587	2.477414	-0.020827	True
479	2.456587	2.477414	-0.020827	True
480	2.562234	2.583806	-0.021573	True
481	2.456587	2.477414	-0.020827	True
482	10.585124	10.601097	-0.015973	True
483	6.545284	6.547696	-0.002412	True
484	2.456587	2.477414	-0.020827	True
485	4.038130	4.067509	-0.029379	True
486	2.456587	2.477414	-0.020827	True
487	6.434233	6.447398	-0.013165	True
488	2.772967	2.795959	-0.022993	True
489	4.038130	4.067509	-0.029379	True
490	2.772967	2.795959	-0.022993	True
491	4.038130	4.067509	-0.029379	True
492	2.456587	2.477414	-0.020827	True
493	6.008059	6.042840	-0.034782	True
494	2.772967	2.795959	-0.022993	True
495	2.562234	2.583806	-0.021573	True
496	5.548079	5.553796	-0.005717	True
497	7.353331	7.353330	0.000002	False
498	6.291780	6.295624	-0.003844	True
499	15.308533	15.014401	0.294132	False
500	9.840999	9.653542	0.187457	False
501	2.456587	2.477414	-0.020827	True
502	6.545284	6.547696	-0.002412	True
503	2.456587	2.477414	-0.020827	True
504	4.038130	4.067509	-0.029379	True
505	6.761780	6.774310	-0.012530	True
506	10.871901	10.657968	0.213933	False
507	11.534453	11.570035	-0.035582	True
508	5.030970	5.055116	-0.024146	True
509	14.832454	14.829227	0.003227	False
510	17.287134	17.314940	-0.027805	True
511	6.578329	6.572922	0.005407	False
512	1.401546	1.401393	0.000153	False
513	10.520337	9.694812	0.825525	False
514	16.549762	16.525020	0.024742	False
515	2.327029	2.345777	-0.018748	True
516	5.184402	5.220111	-0.035709	True
517	10.790822	12.624605	-1.833783	True
518	6.996942	6.931766	0.065176	False
519	2.562234	2.583806	-0.021573	True
520	2.772967	2.795959	-0.022993	True
521	2.772967	2.795959	-0.022993	True
522	6.578329	6.572922	0.005407	False
523	8.288792	8.280716	0.008076	False
524	2.772967	2.795959	-0.022993	True
525	2.772967	2.795959	-0.022993	True
526	2.456587	2.477414	-0.020827	True
527	2.562234	2.583806	-0.021573	True
528	2.562234	2.583806	-0.021573	True
529	6.429592	6.474828	-0.045237	True
530	2.456587	2.477414	-0.020827	True
531	4.038130	4.067509	-0.029379	True
532	2.456587	2.477414	-0.020827	True
533	2.456587	2.477414	-0.020827	True
534	2.456587	2.477414	-0.020827	True
535	6.824746	6.612785	0.211961	False
536	6.369387	6.032177	0.337210	False
537	11.825588	11.480373	0.345216	False
538	1.126640	1.126640	0.000000	False
539	13.483926	13.518146	-0.034220	True
540	12.325725	14.209214	-1.883489	True
541	12.667540	12.683874	-0.016334	True
542	8.205930	8.219854	-0.013924	True
543	5.366011	5.369855	-0.003844	True
544	4.038130	4.067509	-0.029379	True
545	6.524131	6.320736	0.203395	False
546	7.285214	7.347434	-0.062220	True
547	2.562234	2.583806	-0.021573	True
548	6.434233	6.447398	-0.013165	True
549	4.038130	4.067509	-0.029379	True
550	2.562234	2.583806	-0.021573	True
551	2.772967	2.795959	-0.022993	True
552	2.456587	2.477414	-0.020827	True
553	2.456587	2.477414	-0.020827	True
554	15.906678	15.937554	-0.030877	True
555	5.697444	5.492190	0.205254	False
556	2.562234	2.583806	-0.021573	True
557	8.745237	8.740732	0.004505	False
558	16.200194	16.281628	-0.081434	True
559	21.465158	21.988483	-0.523325	True
560	16.642171	16.627718	0.014454	False
561	15.486118	15.557794	-0.071676	True
562	13.213463	13.592935	-0.379472	True
563	2.562234	2.583806	-0.021573	True
564	2.562234	2.583806	-0.021573	True
565	15.058450	14.990282	0.068168	False
566	5.233656	5.260005	-0.026349	True
567	9.509198	9.541378	-0.032180	True
568	15.128738	14.926380	0.202358	False
569	22.434931	21.992094	0.442837	False
570	2.772967	2.795959	-0.022993	True
571	11.377623	13.492464	-2.114841	True
572	2.456587	2.477414	-0.020827	True
573	8.104129	7.922855	0.181274	False
574	2.456587	2.477414	-0.020827	True
575	9.826963	9.639710	0.187254	False
576	8.288316	8.672110	-0.383794	True
577	8.638336	8.655612	-0.017276	True
578	8.438503	8.249270	0.189233	False
579	4.038130	4.067509	-0.029379	True
580	4.038130	4.067509	-0.029379	True
581	5.646211	5.442453	0.203758	False
582	2.772967	2.795959	-0.022993	True
583	5.484057	5.489774	-0.005717	True
584	9.206891	9.215319	-0.008428	True
585	2.562234	2.583806	-0.021573	True
586	2.772967	2.795959	-0.022993	True
587	5.184402	5.220111	-0.035709	True
588	2.287939	2.310918	-0.022980	True
589	6.761780	6.774310	-0.012530	True
590	2.562234	2.583806	-0.021573	True
591	2.772967	2.795959	-0.022993	True
592	2.772967	2.795959	-0.022993	True
593	2.772967	2.795959	-0.022993	True
594	2.772967	2.795959	-0.022993	True
595	2.456587	2.477414	-0.020827	True
596	2.456587	2.477414	-0.020827	True
597	2.456587	2.477414	-0.020827	True
598	4.038130	4.067509	-0.029379	True
599	4.038130	4.067509	-0.029379	True
600	2.456587	2.477414	-0.020827	True
601	2.772967	2.795959	-0.022993	True
602	2.456587	2.477414	-0.020827	True
603	7.417317	7.058362	0.358955	False
604	7.693970	7.533290	0.160680	False
605	2.456587	2.477414	-0.020827	True
606	4.038130	4.067509	-0.029379	True
607	6.369387	6.032177	0.337210	False
608	9.532490	9.558331	-0.025841	True
609	2.456587	2.477414	-0.020827	True
610	2.772967	2.795959	-0.022993	True
611	2.562234	2.583806	-0.021573	True
612	2.562234	2.583806	-0.021573	True
613	10.527155	10.543735	-0.016581	True
614	2.772967	2.795959	-0.022993	True
615	5.256182	5.293651	-0.037469	True
616	4.038130	4.067509	-0.029379	True
617	8.197467	8.214465	-0.016999	True
618	8.438503	8.249270	0.189233	False
619	2.562234	2.583806	-0.021573	True
620	2.772967	2.795959	-0.022993	True
621	2.772967	2.795959	-0.022993	True
622	2.456587	2.477414	-0.020827	True
623	4.038130	4.067509	-0.029379	True
624	4.038130	4.067509	-0.029379	True
625	7.121812	7.075577	0.046235	False
626	13.350650	15.472357	-2.121707	True
627	5.646211	5.442453	0.203758	False
628	2.562234	2.583806	-0.021573	True
629	6.008059	6.042840	-0.034782	True
630	2.456587	2.477414	-0.020827	True
631	2.456587	2.477414	-0.020827	True
632	2.456587	2.477414	-0.020827	True
633	2.456587	2.477414	-0.020827	True
634	12.787065	12.828255	-0.041190	True
635	6.354313	8.358304	-2.003991	True
636	2.772967	2.795959	-0.022993	True
637	2.772967	2.795959	-0.022993	True
638	4.038130	4.067509	-0.029379	True
639	4.038130	4.067509	-0.029379	True
640	2.772967	2.795959	-0.022993	True
641	4.038130	4.067509	-0.029379	True
642	2.562234	2.583806	-0.021573	True
643	2.456587	2.477414	-0.020827	True
644	2.456587	2.477414	-0.020827	True
645	2.562234	2.583806	-0.021573	True
646	2.772967	2.795959	-0.022993	True
647	2.562234	2.583806	-0.021573	True
648	2.562234	2.583806	-0.021573	True
649	2.456587	2.477414	-0.020827	True
650	2.456587	2.477414	-0.020827	True
651	2.456587	2.477414	-0.020827	True
652	2.772967	2.795959	-0.022993	True
653	2.456587	2.477414	-0.020827	True
654	2.456587	2.477414	-0.020827	True
655	2.456587	2.477414	-0.020827	True
656	2.456587	2.477414	-0.020827	True
657	4.038130	4.067509	-0.029379	True
658	2.772967	2.795959	-0.022993	True
659	2.456587	2.477414	-0.020827	True
660	2.456587	2.477414	-0.020827	True
661	6.014257	6.028983	-0.014726	True
662	2.456587	2.477414	-0.020827	True
663	10.077644	10.530626	-0.452982	True
664	7.548449	7.720616	-0.172167	True
665	12.101149	11.840980	0.260169	False
666	7.165429	7.182673	-0.017244	True
667	2.772967	2.795959	-0.022993	True
668	7.419557	7.066571	0.352986	False
669	13.541310	13.552600	-0.011291	True
670	9.096282	9.103449	-0.007167	True
671	18.233865	18.239867	-0.006002	True
672	11.107718	10.814175	0.293542	False
673	5.227343	5.251490	-0.024147	True
674	8.911330	8.926341	-0.015011	True
675	8.437120	8.637493	-0.200373	True
676	2.562234	2.583806	-0.021573	True
677	14.475244	14.465237	0.010007	False
678	5.720102	5.736525	-0.016423	True
679	5.256182	5.293651	-0.037469	True
680	6.212002	8.223986	-2.011983	True
681	6.578329	6.572922	0.005407	False
682	8.242043	8.078053	0.163990	False
683	18.604842	18.530767	0.074075	False
684	12.775197	12.503207	0.271991	False
685	6.996942	6.931766	0.065176	False
686	11.649968	12.286609	-0.636641	True
687	18.228827	18.565145	-0.336318	True
688	5.697444	5.492190	0.205254	False
689	8.480554	8.476055	0.004499	False
690	9.910915	9.987090	-0.076175	True
691	2.562234	2.583806	-0.021573	True
692	13.879847	13.379895	0.499952	False
693	5.939653	5.952937	-0.013284	True
694	2.772967	2.795959	-0.022993	True
695	20.631397	20.499896	0.131500	False
696	2.456587	2.477414	-0.020827	True
697	8.872726	10.396395	-1.523669	True
698	11.028658	10.781689	0.246969	False
699	12.281928	12.020574	0.261353	False
700	8.855244	8.693523	0.161721	False
701	2.562234	2.583806	-0.021573	True
702	12.381117	12.428683	-0.047566	True
703	2.772967	2.795959	-0.022993	True
704	7.425945	7.428774	-0.002829	True
705	4.993602	5.016600	-0.022998	True
706	8.438503	8.249270	0.189233	False
707	12.384162	12.384157	0.000005	False
708	10.352135	10.217909	0.134226	False
709	12.404541	12.234133	0.170407	False
710	15.644389	15.572710	0.071679	False
711	2.562234	2.583806	-0.021573	True
712	2.562234	2.583806	-0.021573	True
713	12.971280	14.761410	-1.790130	True
714	5.082289	5.117071	-0.034782	True
715	2.772967	2.795959	-0.022993	True
716	11.519832	11.395405	0.124427	False
717	11.782615	11.582168	0.200447	False
718	8.847181	9.035527	-0.188346	True
719	18.785900	18.721593	0.064307	False
720	10.625356	10.643976	-0.018620	True
721	5.816510	5.834701	-0.018191	True
722	15.271202	15.258764	0.012438	False
723	2.456587	2.477414	-0.020827	True
724	5.274549	5.279044	-0.004495	True
725	4.988029	5.023738	-0.035709	True
726	12.024470	12.084612	-0.060141	True
727	5.256182	5.293651	-0.037469	True
728	14.049561	13.963896	0.085664	False
729	7.563436	7.576649	-0.013213	True
730	9.757571	9.761577	-0.004006	True
731	12.170346	11.994190	0.176156	False
732	2.456587	2.477414	-0.020827	True
733	2.456587	2.477414	-0.020827	True
734	8.889976	8.967226	-0.077250	True
735	5.576269	5.594478	-0.018209	True
736	7.196760	7.215363	-0.018603	True
737	16.023032	15.862970	0.160062	False
738	9.987967	10.055629	-0.067662	True
739	2.456587	2.477414	-0.020827	True
740	12.419327	12.403684	0.015643	False
741	6.008059	6.042840	-0.034782	True
742	2.456587	2.477414	-0.020827	True
743	2.456587	2.477414	-0.020827	True
744	2.456587	2.477414	-0.020827	True
745	8.505985	8.523260	-0.017276	True
746	11.540235	11.309986	0.230248	False
747	9.906471	9.900976	0.005495	False
748	15.126851	15.167753	-0.040902	True
749	11.931222	11.958214	-0.026992	True
750	16.576403	17.098899	-0.522496	True
751	12.097010	12.024628	0.072382	False
752	5.233659	5.237503	-0.003844	True
753	2.772967	2.795959	-0.022993	True
754	2.456587	2.477414	-0.020827	True
755	13.160208	13.159599	0.000609	False
756	6.396692	6.401187	-0.004495	True
757	2.562234	2.583806	-0.021573	True
758	14.931157	14.660387	0.270769	False
759	14.471478	14.452699	0.018779	False
760	5.233659	5.237503	-0.003844	True
761	13.672643	13.669180	0.003463	False
762	2.772967	2.795959	-0.022993	True
763	2.456587	2.477414	-0.020827	True
764	10.071424	10.032996	0.038429	False
765	4.038130	4.067509	-0.029379	True
766	2.772967	2.795959	-0.022993	True
767	7.280690	7.305603	-0.024913	True
768	2.456587	2.477414	-0.020827	True
769	2.456587	2.477414	-0.020827	True
770	2.456587	2.477414	-0.020827	True
771	11.760566	11.717984	0.042582	False
772	10.783824	10.614069	0.169755	False
773	18.865739	19.842445	-0.976705	True
774	17.073876	17.078578	-0.004702	True
775	6.485579	6.486465	-0.000887	True
776	10.624021	10.574416	0.049605	False
777	14.796016	14.340501	0.455515	False
778	2.772967	2.795959	-0.022993	True
779	11.476806	11.218397	0.258410	False
780	9.176403	9.044481	0.131923	False
781	8.077950	8.103486	-0.025536	True
782	15.055142	14.433855	0.621287	False
783	2.772967	2.795959	-0.022993	True
784	10.219272	11.188447	-0.969175	True
785	11.108888	10.910926	0.197962	False
786	10.423253	10.645190	-0.221937	True
787	2.562234	2.583806	-0.021573	True
788	8.067633	7.882252	0.185381	False
789	5.297678	5.324027	-0.026349	True
790	2.772967	2.795959	-0.022993	True
791	12.931629	14.099103	-1.167473	True
792	2.456587	2.477414	-0.020827	True
793	6.014257	6.028983	-0.014726	True
794	21.553861	21.544382	0.009479	False
795	2.456587	2.477414	-0.020827	True
796	10.880303	12.563421	-1.683118	True
797	11.094031	11.116764	-0.022733	True
798	2.456587	2.477414	-0.020827	True
799	4.038130	4.067509	-0.029379	True
800	13.450804	13.449570	0.001234	False
801	5.030970	5.055116	-0.024146	True
802	5.297678	5.324027	-0.026349	True
803	15.209557	15.242962	-0.033406	True
804	15.696168	15.689698	0.006470	False
805	5.697444	5.492190	0.205254	False
806	12.002082	11.977392	0.024690	False
807	8.077950	8.103486	-0.025536	True
808	2.562234	2.583806	-0.021573	True
809	11.263903	11.723085	-0.459182	True
810	2.456587	2.477414	-0.020827	True
811	7.642761	7.584159	0.058602	False
812	8.223550	8.240794	-0.017244	True
813	4.949938	4.984720	-0.034782	True
814	9.065045	7.655939	1.409106	False
815	11.924602	11.724909	0.199694	False
816	12.641241	14.148171	-1.506930	True
817	2.772967	2.795959	-0.022993	True
818	4.993602	5.016600	-0.022998	True
819	2.772967	2.795959	-0.022993	True
820	6.370211	6.383376	-0.013165	True
821	14.607507	14.521948	0.085560	False
822	8.720441	8.796615	-0.076174	True
823	2.772967	2.795959	-0.022993	True
824	21.268605	21.327581	-0.058976	True
825	9.206891	9.215319	-0.008428	True
826	11.954352	13.180449	-1.226097	True
827	5.227343	5.251490	-0.024147	True
828	12.293059	11.911024	0.382035	False
829	10.696686	10.448899	0.247787	False
830	2.456587	2.477414	-0.020827	True
831	9.212963	9.020074	0.192889	False
832	13.402243	13.195132	0.207111	False
833	10.376924	10.386992	-0.010068	True
834	2.562234	2.583806	-0.021573	True
835	2.456587	2.477414	-0.020827	True
836	2.456587	2.477414	-0.020827	True
837	4.038130	4.067509	-0.029379	True
838	2.456587	2.477414	-0.020827	True
839	2.456587	2.477414	-0.020827	True
840	10.022291	10.024366	-0.002075	True
841	9.365150	9.393281	-0.028131	True
842	9.946543	11.414529	-1.467986	True
843	2.456587	2.477414	-0.020827	True
844	6.985036	6.984753	0.000284	False
845	11.407691	11.896039	-0.488348	True
846	6.761780	6.774310	-0.012530	True
847	2.772967	2.795959	-0.022993	True
848	10.625420	10.409406	0.216014	False
849	5.950235	5.964962	-0.014726	True
850	6.621467	6.417207	0.204260	False
851	20.320810	20.308904	0.011907	False
852	2.456587	2.477414	-0.020827	True
853	11.351687	11.185568	0.166120	False
854	6.605169	6.608726	-0.003557	True
855	2.772967	2.795959	-0.022993	True
856	4.038130	4.067509	-0.029379	True
857	11.999716	12.013715	-0.013999	True
858	5.939653	5.952937	-0.013284	True
859	6.761780	6.774310	-0.012530	True
860	10.093706	10.156648	-0.062941	True
861	2.772967	2.795959	-0.022993	True
862	4.038130	4.067509	-0.029379	True
863	2.456587	2.477414	-0.020827	True
864	7.353331	7.353330	0.000002	False
865	6.481934	8.603741	-2.121807	True
866	9.701214	9.688258	0.012956	False
867	6.578329	6.572922	0.005407	False
868	9.320283	9.146873	0.173411	False
869	17.977779	17.996880	-0.019101	True
870	2.456587	2.477414	-0.020827	True
871	6.369387	6.032177	0.337210	False
872	5.184402	5.220111	-0.035709	True
873	2.562234	2.583806	-0.021573	True
874	2.456587	2.477414	-0.020827	True
875	9.387463	9.413941	-0.026478	True
876	2.456587	2.477414	-0.020827	True
877	2.562234	2.583806	-0.021573	True
878	12.550513	12.086516	0.463998	False
879	15.002923	14.911403	0.091519	False
880	7.439183	7.394117	0.045066	False
881	14.394770	14.320820	0.073950	False
882	14.400722	14.378014	0.022708	False
883	7.175615	7.185533	-0.009919	True
884	11.182160	10.909801	0.272358	False
885	5.184402	5.220111	-0.035709	True
886	2.772967	2.795959	-0.022993	True
887	6.194944	8.173601	-1.978657	True
888	5.627305	5.422112	0.205192	False
889	6.110171	6.145881	-0.035710	True
890	17.589089	17.336606	0.252483	False
891	9.067690	9.061862	0.005828	False
892	2.772967	2.795959	-0.022993	True
893	5.366011	5.369855	-0.003844	True
894	2.456587	2.477414	-0.020827	True
895	4.038130	4.067509	-0.029379	True
896	2.562234	2.583806	-0.021573	True
897	2.772967	2.795959	-0.022993	True
898	2.772967	2.795959	-0.022993	True
