Site-Specific Likelihood Analysis for Clade_10
==================================================

Supporting sites: 626
Conflicting sites: 272
Neutral sites: 1
Support ratio: 2.3015
Sum of supporting deltas: -80.1329
Sum of conflicting deltas: 64.0283
Weighted support ratio: 1.2515

Site	ML_Tree_lnL	Constrained_lnL	Delta_lnL	Supports_Branch
1	2.456587	2.469870	-0.013284	True
2	2.456587	2.469870	-0.013284	True
3	4.038130	4.056954	-0.018824	True
4	5.184402	5.202342	-0.017940	True
5	2.772967	2.787649	-0.014683	True
6	2.772967	2.787649	-0.014683	True
7	10.230275	10.463717	-0.233442	True
8	5.548879	5.459827	0.089052	False
9	5.816510	5.831321	-0.014811	True
10	15.007928	15.152837	-0.144909	True
11	4.038130	4.056954	-0.018824	True
12	4.038130	4.056954	-0.018824	True
13	12.533408	12.267950	0.265458	False
14	4.038130	4.056954	-0.018824	True
15	2.562234	2.575998	-0.013765	True
16	4.949938	4.967350	-0.017412	True
17	10.817138	10.870709	-0.053571	True
18	9.148160	9.127283	0.020877	False
19	17.140367	14.562088	2.578279	False
20	11.384453	11.293600	0.090854	False
21	12.406741	12.343622	0.063118	False
22	12.991821	13.045613	-0.053792	True
23	2.562234	2.575998	-0.013765	True
24	2.772967	2.787649	-0.014683	True
25	19.127626	18.953876	0.173750	False
26	2.456587	2.469870	-0.013284	True
27	2.772967	2.787649	-0.014683	True
28	12.173326	12.318905	-0.145580	True
29	7.175615	6.842577	0.333037	False
30	2.772967	2.787649	-0.014683	True
31	20.854252	20.583095	0.271157	False
32	4.038130	4.056954	-0.018824	True
33	2.562234	2.575998	-0.013765	True
34	12.352344	12.515309	-0.162965	True
35	2.562234	2.575998	-0.013765	True
36	2.456587	2.469870	-0.013284	True
37	12.931381	12.602530	0.328850	False
38	4.038130	4.056954	-0.018824	True
39	4.038130	4.056954	-0.018824	True
40	18.676868	18.805035	-0.128167	True
41	5.227343	5.238136	-0.010793	True
42	2.772967	2.787649	-0.014683	True
43	13.815825	13.755398	0.060428	False
44	2.456587	2.469870	-0.013284	True
45	2.562234	2.575998	-0.013765	True
46	11.842167	11.848895	-0.006729	True
47	2.772967	2.787649	-0.014683	True
48	2.562234	2.575998	-0.013765	True
49	17.765993	17.607513	0.158481	False
50	2.772967	2.787649	-0.014683	True
51	2.562234	2.575998	-0.013765	True
52	8.938629	8.919032	0.019597	False
53	12.331764	12.301839	0.029926	False
54	2.772967	2.787649	-0.014683	True
55	15.097890	15.110050	-0.012160	True
56	14.874240	13.135302	1.738939	False
57	5.627305	5.539365	0.087940	False
58	12.955324	13.015620	-0.060295	True
59	2.772967	2.787649	-0.014683	True
60	2.772967	2.787649	-0.014683	True
61	5.184402	5.202342	-0.017940	True
62	2.772967	2.787649	-0.014683	True
63	4.038130	4.056954	-0.018824	True
64	5.470923	5.481829	-0.010907	True
65	9.493274	8.014069	1.479204	False
66	2.772967	2.787649	-0.014683	True
67	13.755200	12.177422	1.577778	False
68	4.038130	4.056954	-0.018824	True
69	2.562234	2.575998	-0.013765	True
70	8.134738	8.048467	0.086271	False
71	2.456587	2.469870	-0.013284	True
72	2.456587	2.469870	-0.013284	True
73	9.531665	11.383690	-1.852025	True
74	5.192160	5.211104	-0.018943	True
75	2.562234	2.575998	-0.013765	True
76	5.366011	5.376453	-0.010442	True
77	2.456587	2.469870	-0.013284	True
78	2.456587	2.469870	-0.013284	True
79	9.124614	9.208956	-0.084342	True
80	2.772967	2.787649	-0.014683	True
81	2.456587	2.469870	-0.013284	True
82	10.809142	12.750051	-1.940909	True
83	4.038130	4.056954	-0.018824	True
84	2.456587	2.469870	-0.013284	True
85	7.425945	7.405362	0.020583	False
86	2.562234	2.575998	-0.013765	True
87	4.038130	4.056954	-0.018824	True
88	10.067736	12.216183	-2.148447	True
89	6.008059	6.025471	-0.017412	True
90	6.369387	6.275270	0.094116	False
91	16.605048	16.678576	-0.073528	True
92	2.562234	2.575998	-0.013765	True
93	2.456587	2.469870	-0.013284	True
94	9.513817	9.490702	0.023115	False
95	2.456587	2.469870	-0.013284	True
96	8.197467	10.850577	-2.653110	True
97	9.992351	12.347839	-2.355488	True
98	2.562234	2.575998	-0.013765	True
99	4.038130	4.056954	-0.018824	True
100	12.801269	13.788072	-0.986803	True
101	2.456587	2.469870	-0.013284	True
102	9.755642	9.892658	-0.137017	True
103	6.100058	6.008525	0.091533	False
104	2.456587	2.469870	-0.013284	True
105	2.772967	2.787649	-0.014683	True
106	2.456587	2.469870	-0.013284	True
107	10.780339	10.716284	0.064056	False
108	7.612405	7.607795	0.004610	False
109	13.308010	11.145114	2.162895	False
110	5.227343	5.238136	-0.010793	True
111	2.772967	2.787649	-0.014683	True
112	14.760268	14.955091	-0.194824	True
113	8.955430	8.915050	0.040379	False
114	2.562234	2.575998	-0.013765	True
115	13.764779	13.767264	-0.002485	True
116	2.562234	2.575998	-0.013765	True
117	8.149398	8.184455	-0.035057	True
118	10.831633	10.936982	-0.105349	True
119	4.038130	4.056954	-0.018824	True
120	4.038130	4.056954	-0.018824	True
121	15.334852	15.208322	0.126530	False
122	5.274549	5.285456	-0.010907	True
123	2.772967	2.787649	-0.014683	True
124	16.789760	17.600391	-0.810631	True
125	2.562234	2.575998	-0.013765	True
126	2.456587	2.469870	-0.013284	True
127	2.456587	2.469870	-0.013284	True
128	6.578329	6.634351	-0.056022	True
129	5.646211	5.557212	0.088999	False
130	16.574472	17.013474	-0.439002	True
131	8.467663	8.521427	-0.053764	True
132	2.772967	2.787649	-0.014683	True
133	5.366011	5.376453	-0.010442	True
134	7.642761	7.632920	0.009840	False
135	2.772967	2.787649	-0.014683	True
136	9.337247	11.205435	-1.868188	True
137	2.562234	2.575998	-0.013765	True
138	2.562234	2.575998	-0.013765	True
139	12.010009	11.922342	0.087667	False
140	6.605169	6.584918	0.020251	False
141	2.772967	2.787649	-0.014683	True
142	15.302495	15.212943	0.089553	False
143	6.008059	6.025471	-0.017412	True
144	8.161897	8.079626	0.082271	False
145	2.456587	2.469870	-0.013284	True
146	4.038130	4.056954	-0.018824	True
147	6.153113	6.163905	-0.010793	True
148	13.992351	14.303629	-0.311278	True
149	14.509552	14.477947	0.031605	False
150	5.848657	5.865066	-0.016410	True
151	14.079256	13.958573	0.120682	False
152	2.772967	2.787649	-0.014683	True
153	4.038130	4.056954	-0.018824	True
154	2.456587	2.469870	-0.013284	True
155	2.772967	2.787649	-0.014683	True
156	4.038130	4.056954	-0.018824	True
157	2.456587	2.469870	-0.013284	True
158	9.320283	9.185258	0.135025	False
159	2.772967	2.787649	-0.014683	True
160	17.662488	17.933537	-0.271049	True
161	9.535537	9.489450	0.046087	False
162	8.641399	8.592845	0.048554	False
163	10.387569	10.232961	0.154608	False
164	4.038130	4.056954	-0.018824	True
165	2.562234	2.575998	-0.013765	True
166	5.558954	5.572960	-0.014006	True
167	2.456587	2.469870	-0.013284	True
168	6.463427	6.480274	-0.016847	True
169	5.227343	5.238136	-0.010793	True
170	5.184402	5.202342	-0.017940	True
171	2.772967	2.787649	-0.014683	True
172	8.579958	8.495211	0.084747	False
173	12.585803	12.484106	0.101697	False
174	2.562234	2.575998	-0.013765	True
175	9.024065	8.872992	0.151073	False
176	2.456587	2.469870	-0.013284	True
177	2.456587	2.469870	-0.013284	True
178	6.355603	6.020718	0.334885	False
179	2.562234	2.575998	-0.013765	True
180	2.772967	2.787649	-0.014683	True
181	14.459237	14.334235	0.125002	False
182	4.038130	4.056954	-0.018824	True
183	2.562234	2.575998	-0.013765	True
184	6.355603	6.020718	0.334885	False
185	9.742434	9.795556	-0.053122	True
186	2.772967	2.787649	-0.014683	True
187	5.082289	5.099701	-0.017412	True
188	2.562234	2.575998	-0.013765	True
189	2.562234	2.575998	-0.013765	True
190	5.743280	5.709570	0.033710	False
191	11.217868	10.861195	0.356673	False
192	2.562234	2.575998	-0.013765	True
193	11.175466	11.242246	-0.066779	True
194	8.898110	8.898345	-0.000234	True
195	2.562234	2.575998	-0.013765	True
196	13.507993	12.809662	0.698332	False
197	2.456587	2.469870	-0.013284	True
198	2.772967	2.787649	-0.014683	True
199	13.128708	13.272207	-0.143499	True
200	2.456587	2.469870	-0.013284	True
201	2.456587	2.469870	-0.013284	True
202	15.068733	15.236171	-0.167438	True
203	5.816510	5.831321	-0.014811	True
204	2.772967	2.787649	-0.014683	True
205	12.626923	12.707131	-0.080208	True
206	8.619739	8.580167	0.039573	False
207	2.772967	2.787649	-0.014683	True
208	16.989014	16.864683	0.124332	False
209	4.038130	4.056954	-0.018824	True
210	4.038130	4.056954	-0.018824	True
211	21.961502	21.538759	0.422743	False
212	4.038130	4.056954	-0.018824	True
213	2.456587	2.469870	-0.013284	True
214	7.285214	7.129872	0.155341	False
215	5.227343	5.238136	-0.010793	True
216	2.772967	2.787649	-0.014683	True
217	9.396739	9.326659	0.070080	False
218	5.297678	5.309572	-0.011894	True
219	9.473560	9.509419	-0.035860	True
220	11.092617	13.164833	-2.072216	True
221	6.463427	6.480274	-0.016847	True
222	5.297678	5.309572	-0.011894	True
223	11.011080	13.482203	-2.471123	True
224	6.194944	6.200016	-0.005072	True
225	5.548079	5.559866	-0.011787	True
226	10.144501	10.099192	0.045309	False
227	16.707361	16.668215	0.039146	False
228	5.697444	5.609175	0.088269	False
229	12.327663	12.471531	-0.143868	True
230	13.085327	12.967871	0.117456	False
231	2.562234	2.575998	-0.013765	True
232	11.733629	11.659727	0.073903	False
233	14.302495	14.405697	-0.103202	True
234	5.939653	5.905943	0.033710	False
235	15.424090	15.615569	-0.191479	True
236	2.772967	2.787649	-0.014683	True
237	2.772967	2.787649	-0.014683	True
238	12.099288	10.637413	1.461875	False
239	2.772967	2.787649	-0.014683	True
240	2.562234	2.575998	-0.013765	True
241	11.058993	10.972083	0.086909	False
242	2.772967	2.787649	-0.014683	True
243	4.038130	4.056954	-0.018824	True
244	15.876590	16.023711	-0.147120	True
245	6.887250	6.945119	-0.057869	True
246	2.562234	2.575998	-0.013765	True
247	11.078582	10.964398	0.114184	False
248	7.872020	7.790180	0.081840	False
249	2.456587	2.469870	-0.013284	True
250	11.719624	15.898167	-4.178543	True
251	7.580215	7.589551	-0.009336	True
252	12.603631	10.663679	1.939952	False
253	11.336960	11.293530	0.043430	False
254	2.456587	2.469870	-0.013284	True
255	2.562234	2.575998	-0.013765	True
256	15.095725	15.082499	0.013227	False
257	6.242175	6.224649	0.017527	False
258	2.772967	2.787649	-0.014683	True
259	13.767984	14.034870	-0.266886	True
260	15.507773	15.390804	0.116968	False
261	5.829130	5.886998	-0.057869	True
262	15.213996	16.155061	-0.941065	True
263	14.298037	14.242554	0.055482	False
264	2.772967	2.787649	-0.014683	True
265	15.572145	15.653582	-0.081436	True
266	6.008059	6.025471	-0.017412	True
267	5.816510	5.831321	-0.014811	True
268	10.489545	10.511695	-0.022150	True
269	4.038130	4.056954	-0.018824	True
270	4.038130	4.056954	-0.018824	True
271	13.586761	13.608857	-0.022097	True
272	17.491111	15.346870	2.144241	False
273	6.540850	6.385516	0.155334	False
274	17.694257	17.269394	0.424863	False
275	2.456587	2.469870	-0.013284	True
276	2.456587	2.469870	-0.013284	True
277	11.823640	11.762759	0.060881	False
278	6.578329	6.634351	-0.056022	True
279	5.256182	5.275125	-0.018943	True
280	8.091199	8.105926	-0.014727	True
281	7.730161	7.636822	0.093340	False
282	2.772967	2.787649	-0.014683	True
283	7.165429	7.180156	-0.014727	True
284	7.563436	7.781737	-0.218301	True
285	2.772967	2.787649	-0.014683	True
286	15.692530	15.412827	0.279703	False
287	2.456587	2.469870	-0.013284	True
288	2.562234	2.575998	-0.013765	True
289	15.083680	15.272427	-0.188747	True
290	7.198989	7.168854	0.030135	False
291	2.562234	2.575998	-0.013765	True
292	7.879341	7.880409	-0.001068	True
293	2.562234	2.575998	-0.013765	True
294	2.772967	2.787649	-0.014683	True
295	16.916608	14.464875	2.451733	False
296	2.772967	2.787649	-0.014683	True
297	2.456587	2.469870	-0.013284	True
298	5.816510	5.831321	-0.014811	True
299	2.772967	2.787649	-0.014683	True
300	2.562234	2.575998	-0.013765	True
301	16.103555	16.012530	0.091025	False
302	2.562234	2.575998	-0.013765	True
303	2.772967	2.787649	-0.014683	True
304	17.952118	18.006331	-0.054213	True
305	8.035463	7.963392	0.072071	False
306	2.456587	2.469870	-0.013284	True
307	12.778080	13.251531	-0.473451	True
308	2.456587	2.469870	-0.013284	True
309	2.772967	2.787649	-0.014683	True
310	15.844571	15.894083	-0.049511	True
311	5.256182	5.275125	-0.018943	True
312	5.233656	5.245550	-0.011894	True
313	11.811908	11.685129	0.126779	False
314	6.051723	6.061938	-0.010215	True
315	12.419327	12.445893	-0.026566	True
316	13.910291	14.420665	-0.510374	True
317	5.125954	5.136168	-0.010215	True
318	8.376860	8.437556	-0.060697	True
319	7.669542	7.641582	0.027959	False
320	7.425945	7.405362	0.020583	False
321	6.605169	6.584918	0.020251	False
322	5.082289	5.099701	-0.017412	True
323	2.562234	2.575998	-0.013765	True
324	2.456587	2.469870	-0.013284	True
325	6.051723	6.061938	-0.010215	True
326	6.485579	6.467845	0.017733	False
327	4.038130	4.056954	-0.018824	True
328	7.563436	7.781737	-0.218301	True
329	4.038130	4.056954	-0.018824	True
330	4.038130	4.056954	-0.018824	True
331	12.008110	11.951886	0.056225	False
332	22.504099	22.596293	-0.092194	True
333	5.576269	5.591106	-0.014838	True
334	7.175615	6.842577	0.333037	False
335	5.184402	5.202342	-0.017940	True
336	8.433441	8.404629	0.028812	False
337	8.411606	8.464146	-0.052540	True
338	2.456587	2.469870	-0.013284	True
339	2.562234	2.575998	-0.013765	True
340	7.121812	9.398184	-2.276372	True
341	6.369387	6.275270	0.094116	False
342	2.456587	2.469870	-0.013284	True
343	10.289777	10.468530	-0.178753	True
344	5.030970	5.041762	-0.010792	True
345	6.051723	6.061938	-0.010215	True
346	5.816510	5.831321	-0.014811	True
347	5.366011	5.376453	-0.010442	True
348	7.783391	7.763029	0.020363	False
349	17.079183	18.311338	-1.232155	True
350	5.233659	5.244101	-0.010442	True
351	12.879132	12.620766	0.258365	False
352	13.249306	13.031402	0.217903	False
353	2.456587	2.469870	-0.013284	True
354	2.456587	2.469870	-0.013284	True
355	11.682250	11.637913	0.044337	False
356	5.233659	5.244101	-0.010442	True
357	2.772967	2.787649	-0.014683	True
358	4.949938	4.967350	-0.017412	True
359	2.456587	2.469870	-0.013284	True
360	5.082289	5.099701	-0.017412	True
361	19.008191	18.989349	0.018842	False
362	2.562234	2.575998	-0.013765	True
363	2.562234	2.575998	-0.013765	True
364	14.277853	13.991653	0.286200	False
365	10.334079	10.264552	0.069526	False
366	5.227343	5.238136	-0.010793	True
367	16.416465	16.527795	-0.111330	True
368	5.829130	5.886998	-0.057869	True
369	2.772967	2.787649	-0.014683	True
370	11.687438	11.492587	0.194851	False
371	2.456587	2.469870	-0.013284	True
372	2.562234	2.575998	-0.013765	True
373	4.949938	4.967350	-0.017412	True
374	2.562234	2.575998	-0.013765	True
375	4.038130	4.056954	-0.018824	True
376	5.703659	5.669617	0.034042	False
377	4.038130	4.056954	-0.018824	True
378	2.456587	2.469870	-0.013284	True
379	2.456587	2.469870	-0.013284	True
380	2.456587	2.469870	-0.013284	True
381	2.456587	2.469870	-0.013284	True
382	14.886366	14.902202	-0.015836	True
383	2.456587	2.469870	-0.013284	True
384	17.465291	17.239436	0.225854	False
385	16.676387	16.754872	-0.078484	True
386	11.016967	10.989688	0.027278	False
387	2.772967	2.787649	-0.014683	True
388	9.600356	9.628204	-0.027847	True
389	2.456587	2.469870	-0.013284	True
390	2.772967	2.787649	-0.014683	True
391	11.836562	11.615661	0.220901	False
392	14.801967	14.576696	0.225271	False
393	5.548079	5.559866	-0.011787	True
394	12.308009	12.433920	-0.125911	True
395	6.354920	6.441460	-0.086540	True
396	2.772967	2.787649	-0.014683	True
397	11.384453	11.293600	0.090854	False
398	2.562234	2.575998	-0.013765	True
399	2.456587	2.469870	-0.013284	True
400	5.227343	5.238136	-0.010793	True
401	7.439160	7.416671	0.022489	False
402	2.772967	2.787649	-0.014683	True
403	8.331065	8.281465	0.049600	False
404	11.863772	11.767743	0.096029	False
405	8.980891	9.034597	-0.053706	True
406	10.375538	10.309064	0.066475	False
407	2.562234	2.575998	-0.013765	True
408	2.562234	2.575998	-0.013765	True
409	7.700684	7.629896	0.070788	False
410	10.217971	10.273937	-0.055966	True
411	2.772967	2.787649	-0.014683	True
412	18.877042	19.058707	-0.181665	True
413	7.835590	7.753789	0.081800	False
414	2.772967	2.787649	-0.014683	True
415	6.355603	6.020718	0.334885	False
416	2.562234	2.575998	-0.013765	True
417	2.772967	2.787649	-0.014683	True
418	17.163701	17.194912	-0.031211	True
419	8.848184	8.811611	0.036573	False
420	2.772967	2.787649	-0.014683	True
421	7.669542	7.641582	0.027959	False
422	10.534195	10.546824	-0.012628	True
423	2.562234	2.575998	-0.013765	True
424	13.269215	13.017740	0.251474	False
425	8.558124	8.484540	0.073584	False
426	5.256182	5.275125	-0.018943	True
427	12.593257	12.250831	0.342426	False
428	2.456587	2.469870	-0.013284	True
429	6.051723	6.061938	-0.010215	True
430	6.459506	6.546820	-0.087314	True
431	2.562234	2.575998	-0.013765	True
432	2.562234	2.575998	-0.013765	True
433	9.652524	9.782678	-0.130154	True
434	7.353331	7.331802	0.021529	False
435	6.761780	6.727738	0.034042	False
436	15.812709	13.533280	2.279429	False
437	9.163806	9.131492	0.032314	False
438	2.772967	2.787649	-0.014683	True
439	12.536998	12.300207	0.236790	False
440	2.456587	2.469870	-0.013284	True
441	2.772967	2.787649	-0.014683	True
442	15.207950	16.189127	-0.981177	True
443	12.433867	12.300826	0.133041	False
444	6.481934	6.490850	-0.008916	True
445	18.486393	19.636322	-1.149929	True
446	4.038130	4.056954	-0.018824	True
447	4.038130	4.056954	-0.018824	True
448	17.468514	17.382281	0.086233	False
449	8.548530	8.477880	0.070650	False
450	6.370672	6.278744	0.091928	False
451	12.862857	12.788388	0.074469	False
452	13.611002	13.764469	-0.153467	True
453	5.184402	5.202342	-0.017940	True
454	20.179602	20.079291	0.100311	False
455	8.347554	8.401833	-0.054279	True
456	8.755054	8.722312	0.032742	False
457	9.408090	9.624185	-0.216095	True
458	2.772967	2.787649	-0.014683	True
459	4.038130	4.056954	-0.018824	True
460	2.772967	2.787649	-0.014683	True
461	2.456587	2.469870	-0.013284	True
462	7.868218	8.061966	-0.193747	True
463	5.125954	5.136168	-0.010215	True
464	5.829130	5.886998	-0.057869	True
465	2.456587	2.469870	-0.013284	True
466	2.772967	2.787649	-0.014683	True
467	2.456587	2.469870	-0.013284	True
468	4.038130	4.056954	-0.018824	True
469	2.772967	2.787649	-0.014683	True
470	2.772967	2.787649	-0.014683	True
471	2.772967	2.787649	-0.014683	True
472	2.456587	2.469870	-0.013284	True
473	6.051723	6.061938	-0.010215	True
474	12.533408	12.267950	0.265458	False
475	7.609813	7.563595	0.046218	False
476	2.456587	2.469870	-0.013284	True
477	2.456587	2.469870	-0.013284	True
478	2.456587	2.469870	-0.013284	True
479	2.456587	2.469870	-0.013284	True
480	2.562234	2.575998	-0.013765	True
481	2.456587	2.469870	-0.013284	True
482	10.585124	10.489004	0.096119	False
483	6.545284	6.529320	0.015963	False
484	2.456587	2.469870	-0.013284	True
485	4.038130	4.056954	-0.018824	True
486	2.456587	2.469870	-0.013284	True
487	6.434233	6.095841	0.338393	False
488	2.772967	2.787649	-0.014683	True
489	4.038130	4.056954	-0.018824	True
490	2.772967	2.787649	-0.014683	True
491	4.038130	4.056954	-0.018824	True
492	2.456587	2.469870	-0.013284	True
493	6.008059	6.025471	-0.017412	True
494	2.772967	2.787649	-0.014683	True
495	2.562234	2.575998	-0.013765	True
496	5.548079	5.559866	-0.011787	True
497	7.353331	7.331802	0.021529	False
498	6.291780	6.302222	-0.010442	True
499	15.308533	15.664663	-0.356130	True
500	9.840999	9.604479	0.236520	False
501	2.456587	2.469870	-0.013284	True
502	6.545284	6.529320	0.015963	False
503	2.456587	2.469870	-0.013284	True
504	4.038130	4.056954	-0.018824	True
505	6.761780	6.727738	0.034042	False
506	10.871901	10.556529	0.315373	False
507	11.534453	11.687331	-0.152878	True
508	5.030970	5.041762	-0.010792	True
509	14.832454	14.762064	0.070390	False
510	17.287134	17.256299	0.030836	False
511	6.578329	6.634351	-0.056022	True
512	1.401546	1.401285	0.000261	False
513	10.520337	10.511193	0.009144	False
514	16.549762	18.853613	-2.303850	True
515	2.327029	2.339967	-0.012938	True
516	5.184402	5.202342	-0.017940	True
517	10.790822	10.665342	0.125480	False
518	6.996942	7.029141	-0.032199	True
519	2.562234	2.575998	-0.013765	True
520	2.772967	2.787649	-0.014683	True
521	2.772967	2.787649	-0.014683	True
522	6.578329	6.634351	-0.056022	True
523	8.288792	8.343734	-0.054942	True
524	2.772967	2.787649	-0.014683	True
525	2.772967	2.787649	-0.014683	True
526	2.456587	2.469870	-0.013284	True
527	2.562234	2.575998	-0.013765	True
528	2.562234	2.575998	-0.013765	True
529	6.429592	6.453006	-0.023414	True
530	2.456587	2.469870	-0.013284	True
531	4.038130	4.056954	-0.018824	True
532	2.456587	2.469870	-0.013284	True
533	2.456587	2.469870	-0.013284	True
534	2.456587	2.469870	-0.013284	True
535	6.824746	6.737368	0.087378	False
536	6.369387	6.275270	0.094116	False
537	11.825588	11.827467	-0.001879	True
538	1.126640	1.126640	-0.000000	True
539	13.483926	13.246593	0.237333	False
540	12.325725	12.263632	0.062094	False
541	12.667540	10.435303	2.232237	False
542	8.205930	8.307153	-0.101222	True
543	5.366011	5.376453	-0.010442	True
544	4.038130	4.056954	-0.018824	True
545	6.524131	6.432313	0.091818	False
546	7.285214	7.129872	0.155341	False
547	2.562234	2.575998	-0.013765	True
548	6.434233	6.095841	0.338393	False
549	4.038130	4.056954	-0.018824	True
550	2.562234	2.575998	-0.013765	True
551	2.772967	2.787649	-0.014683	True
552	2.456587	2.469870	-0.013284	True
553	2.456587	2.469870	-0.013284	True
554	15.906678	14.618371	1.288306	False
555	5.697444	5.609175	0.088269	False
556	2.562234	2.575998	-0.013765	True
557	8.745237	8.708346	0.036891	False
558	16.200194	15.981187	0.219007	False
559	21.465158	20.612576	0.852582	False
560	16.642171	16.948298	-0.306127	True
561	15.486118	15.519196	-0.033078	True
562	13.213463	13.027035	0.186428	False
563	2.562234	2.575998	-0.013765	True
564	2.562234	2.575998	-0.013765	True
565	15.058450	14.819252	0.239198	False
566	5.233656	5.245550	-0.011894	True
567	9.509198	9.446582	0.062616	False
568	15.128738	12.841078	2.287660	False
569	22.434931	21.742770	0.692160	False
570	2.772967	2.787649	-0.014683	True
571	11.377623	11.584087	-0.206464	True
572	2.456587	2.469870	-0.013284	True
573	8.104129	8.017459	0.086670	False
574	2.456587	2.469870	-0.013284	True
575	9.826963	9.593297	0.233666	False
576	8.288316	8.248182	0.040134	False
577	8.638336	8.647672	-0.009336	True
578	8.438503	8.350925	0.087578	False
579	4.038130	4.056954	-0.018824	True
580	4.038130	4.056954	-0.018824	True
581	5.646211	5.557212	0.088999	False
582	2.772967	2.787649	-0.014683	True
583	5.484057	5.495844	-0.011787	True
584	9.206891	9.184465	0.022426	False
585	2.562234	2.575998	-0.013765	True
586	2.772967	2.787649	-0.014683	True
587	5.184402	5.202342	-0.017940	True
588	2.287939	2.301862	-0.013923	True
589	6.761780	6.727738	0.034042	False
590	2.562234	2.575998	-0.013765	True
591	2.772967	2.787649	-0.014683	True
592	2.772967	2.787649	-0.014683	True
593	2.772967	2.787649	-0.014683	True
594	2.772967	2.787649	-0.014683	True
595	2.456587	2.469870	-0.013284	True
596	2.456587	2.469870	-0.013284	True
597	2.456587	2.469870	-0.013284	True
598	4.038130	4.056954	-0.018824	True
599	4.038130	4.056954	-0.018824	True
600	2.456587	2.469870	-0.013284	True
601	2.772967	2.787649	-0.014683	True
602	2.456587	2.469870	-0.013284	True
603	7.417317	7.314926	0.102391	False
604	7.693970	7.654397	0.039573	False
605	2.456587	2.469870	-0.013284	True
606	4.038130	4.056954	-0.018824	True
607	6.369387	6.275270	0.094116	False
608	9.532490	9.623009	-0.090519	True
609	2.456587	2.469870	-0.013284	True
610	2.772967	2.787649	-0.014683	True
611	2.562234	2.575998	-0.013765	True
612	2.562234	2.575998	-0.013765	True
613	10.527155	10.566391	-0.039236	True
614	2.772967	2.787649	-0.014683	True
615	5.256182	5.275125	-0.018943	True
616	4.038130	4.056954	-0.018824	True
617	8.197467	10.850577	-2.653110	True
618	8.438503	8.350925	0.087578	False
619	2.562234	2.575998	-0.013765	True
620	2.772967	2.787649	-0.014683	True
621	2.772967	2.787649	-0.014683	True
622	2.456587	2.469870	-0.013284	True
623	4.038130	4.056954	-0.018824	True
624	4.038130	4.056954	-0.018824	True
625	7.121812	9.398184	-2.276372	True
626	13.350650	13.330920	0.019730	False
627	5.646211	5.557212	0.088999	False
628	2.562234	2.575998	-0.013765	True
629	6.008059	6.025471	-0.017412	True
630	2.456587	2.469870	-0.013284	True
631	2.456587	2.469870	-0.013284	True
632	2.456587	2.469870	-0.013284	True
633	2.456587	2.469870	-0.013284	True
634	12.787065	13.056228	-0.269163	True
635	6.354313	6.359019	-0.004706	True
636	2.772967	2.787649	-0.014683	True
637	2.772967	2.787649	-0.014683	True
638	4.038130	4.056954	-0.018824	True
639	4.038130	4.056954	-0.018824	True
640	2.772967	2.787649	-0.014683	True
641	4.038130	4.056954	-0.018824	True
642	2.562234	2.575998	-0.013765	True
643	2.456587	2.469870	-0.013284	True
644	2.456587	2.469870	-0.013284	True
645	2.562234	2.575998	-0.013765	True
646	2.772967	2.787649	-0.014683	True
647	2.562234	2.575998	-0.013765	True
648	2.562234	2.575998	-0.013765	True
649	2.456587	2.469870	-0.013284	True
650	2.456587	2.469870	-0.013284	True
651	2.456587	2.469870	-0.013284	True
652	2.772967	2.787649	-0.014683	True
653	2.456587	2.469870	-0.013284	True
654	2.456587	2.469870	-0.013284	True
655	2.456587	2.469870	-0.013284	True
656	2.456587	2.469870	-0.013284	True
657	4.038130	4.056954	-0.018824	True
658	2.772967	2.787649	-0.014683	True
659	2.456587	2.469870	-0.013284	True
660	2.456587	2.469870	-0.013284	True
661	6.014257	5.981185	0.033072	False
662	2.456587	2.469870	-0.013284	True
663	10.077644	10.064568	0.013077	False
664	7.548449	7.453809	0.094640	False
665	12.101149	11.958245	0.142904	False
666	7.165429	7.180156	-0.014727	True
667	2.772967	2.787649	-0.014683	True
668	7.419557	7.331041	0.088516	False
669	13.541310	15.563624	-2.022315	True
670	9.096282	9.062799	0.033483	False
671	18.233865	17.949390	0.284475	False
672	11.107718	10.844901	0.262816	False
673	5.227343	5.238136	-0.010793	True
674	8.911330	8.897767	0.013563	False
675	8.437120	8.303378	0.133742	False
676	2.562234	2.575998	-0.013765	True
677	14.475244	14.779475	-0.304231	True
678	5.720102	5.734087	-0.013985	True
679	5.256182	5.275125	-0.018943	True
680	6.212002	6.218580	-0.006577	True
681	6.578329	6.634351	-0.056022	True
682	8.242043	8.159705	0.082338	False
683	18.604842	18.332223	0.272619	False
684	12.775197	12.656382	0.118815	False
685	6.996942	7.029141	-0.032199	True
686	11.649968	11.690348	-0.040380	True
687	18.228827	15.977943	2.250883	False
688	5.697444	5.609175	0.088269	False
689	8.480554	8.443664	0.036890	False
690	9.910915	9.759703	0.151212	False
691	2.562234	2.575998	-0.013765	True
692	13.879847	13.562889	0.316957	False
693	5.939653	5.905943	0.033710	False
694	2.772967	2.787649	-0.014683	True
695	20.631397	20.569936	0.061460	False
696	2.456587	2.469870	-0.013284	True
697	8.872726	8.875970	-0.003244	True
698	11.028658	10.985997	0.042661	False
699	12.281928	12.286539	-0.004611	True
700	8.855244	8.815321	0.039923	False
701	2.562234	2.575998	-0.013765	True
702	12.381117	10.155825	2.225293	False
703	2.772967	2.787649	-0.014683	True
704	7.425945	7.405362	0.020583	False
705	4.993602	5.003817	-0.010215	True
706	8.438503	8.350925	0.087578	False
707	12.384162	12.313990	0.070172	False
708	10.352135	10.321368	0.030767	False
709	12.404541	12.391310	0.013231	False
710	15.644389	14.225526	1.418863	False
711	2.562234	2.575998	-0.013765	True
712	2.562234	2.575998	-0.013765	True
713	12.971280	12.803155	0.168125	False
714	5.082289	5.099701	-0.017412	True
715	2.772967	2.787649	-0.014683	True
716	11.519832	11.467447	0.052384	False
717	11.782615	11.663654	0.118961	False
718	8.847181	8.850274	-0.003093	True
719	18.785900	18.554962	0.230939	False
720	10.625356	10.619249	0.006107	False
721	5.816510	5.831321	-0.014811	True
722	15.271202	15.393125	-0.121922	True
723	2.456587	2.469870	-0.013284	True
724	5.274549	5.285456	-0.010907	True
725	4.988029	5.005968	-0.017940	True
726	12.024470	11.870788	0.153683	False
727	5.256182	5.275125	-0.018943	True
728	14.049561	13.879256	0.170305	False
729	7.563436	7.781737	-0.218301	True
730	9.757571	9.739609	0.017962	False
731	12.170346	11.909850	0.260496	False
732	2.456587	2.469870	-0.013284	True
733	2.456587	2.469870	-0.013284	True
734	8.889976	8.738806	0.151169	False
735	5.576269	5.591106	-0.014838	True
736	7.196760	7.212180	-0.015420	True
737	16.023032	15.873017	0.150015	False
738	9.987967	11.334606	-1.346639	True
739	2.456587	2.469870	-0.013284	True
740	12.419327	12.445893	-0.026566	True
741	6.008059	6.025471	-0.017412	True
742	2.456587	2.469870	-0.013284	True
743	2.456587	2.469870	-0.013284	True
744	2.456587	2.469870	-0.013284	True
745	8.505985	8.515321	-0.009336	True
746	11.540235	11.555771	-0.015536	True
747	9.906471	9.836547	0.069925	False
748	15.126851	16.786499	-1.659648	True
749	11.931222	13.552587	-1.621365	True
750	16.576403	16.532188	0.044215	False
751	12.097010	11.907547	0.189463	False
752	5.233659	5.244101	-0.010442	True
753	2.772967	2.787649	-0.014683	True
754	2.456587	2.469870	-0.013284	True
755	13.160208	12.897355	0.262853	False
756	6.396692	6.407599	-0.010907	True
757	2.562234	2.575998	-0.013765	True
758	14.931157	14.905498	0.025659	False
759	14.471478	14.555472	-0.083994	True
760	5.233659	5.244101	-0.010442	True
761	13.672643	13.830881	-0.158237	True
762	2.772967	2.787649	-0.014683	True
763	2.456587	2.469870	-0.013284	True
764	10.071424	10.556632	-0.485208	True
765	4.038130	4.056954	-0.018824	True
766	2.772967	2.787649	-0.014683	True
767	7.280690	7.367230	-0.086540	True
768	2.456587	2.469870	-0.013284	True
769	2.456587	2.469870	-0.013284	True
770	2.456587	2.469870	-0.013284	True
771	11.760566	11.728777	0.031789	False
772	10.783824	10.833672	-0.049848	True
773	18.865739	19.175576	-0.309836	True
774	17.073876	17.317479	-0.243603	True
775	6.485579	6.467845	0.017733	False
776	10.624021	12.970807	-2.346785	True
777	14.796016	14.747415	0.048601	False
778	2.772967	2.787649	-0.014683	True
779	11.476806	11.428034	0.048773	False
780	9.176403	9.094629	0.081775	False
781	8.077950	8.009705	0.068245	False
782	15.055142	15.148687	-0.093546	True
783	2.772967	2.787649	-0.014683	True
784	10.219272	10.191786	0.027486	False
785	11.108888	11.089657	0.019231	False
786	10.423253	10.442605	-0.019352	True
787	2.562234	2.575998	-0.013765	True
788	8.067633	7.983066	0.084567	False
789	5.297678	5.309572	-0.011894	True
790	2.772967	2.787649	-0.014683	True
791	12.931629	12.884458	0.047171	False
792	2.456587	2.469870	-0.013284	True
793	6.014257	5.981185	0.033072	False
794	21.553861	19.595972	1.957889	False
795	2.456587	2.469870	-0.013284	True
796	10.880303	10.678826	0.201477	False
797	11.094031	11.183001	-0.088970	True
798	2.456587	2.469870	-0.013284	True
799	4.038130	4.056954	-0.018824	True
800	13.450804	13.632838	-0.182033	True
801	5.030970	5.041762	-0.010792	True
802	5.297678	5.309572	-0.011894	True
803	15.209557	15.295222	-0.085665	True
804	15.696168	17.556452	-1.860283	True
805	5.697444	5.609175	0.088269	False
806	12.002082	11.721094	0.280988	False
807	8.077950	8.009705	0.068245	False
808	2.562234	2.575998	-0.013765	True
809	11.263903	11.242340	0.021562	False
810	2.456587	2.469870	-0.013284	True
811	7.642761	7.632920	0.009840	False
812	8.223550	8.238277	-0.014727	True
813	4.949938	4.967350	-0.017412	True
814	9.065045	9.005575	0.059469	False
815	11.924602	11.805357	0.119245	False
816	12.641241	12.610313	0.030928	False
817	2.772967	2.787649	-0.014683	True
818	4.993602	5.003817	-0.010215	True
819	2.772967	2.787649	-0.014683	True
820	6.370211	6.031819	0.338393	False
821	14.607507	16.682320	-2.074812	True
822	8.720441	8.569231	0.151210	False
823	2.772967	2.787649	-0.014683	True
824	21.268605	20.205916	1.062689	False
825	9.206891	9.184465	0.022426	False
826	11.954352	11.939316	0.015036	False
827	5.227343	5.238136	-0.010793	True
828	12.293059	12.244016	0.049043	False
829	10.696686	10.427019	0.269667	False
830	2.456587	2.469870	-0.013284	True
831	9.212963	9.130465	0.082498	False
832	13.402243	13.307281	0.094962	False
833	10.376924	10.344829	0.032095	False
834	2.562234	2.575998	-0.013765	True
835	2.456587	2.469870	-0.013284	True
836	2.456587	2.469870	-0.013284	True
837	4.038130	4.056954	-0.018824	True
838	2.456587	2.469870	-0.013284	True
839	2.456587	2.469870	-0.013284	True
840	10.022291	9.997658	0.024634	False
841	9.365150	9.588423	-0.223272	True
842	9.946543	9.923851	0.022691	False
843	2.456587	2.469870	-0.013284	True
844	6.985036	8.944609	-1.959573	True
845	11.407691	11.385757	0.021934	False
846	6.761780	6.727738	0.034042	False
847	2.772967	2.787649	-0.014683	True
848	10.625420	10.336970	0.288450	False
849	5.950235	5.917163	0.033072	False
850	6.621467	6.529699	0.091768	False
851	20.320810	21.464847	-1.144037	True
852	2.456587	2.469870	-0.013284	True
853	11.351687	11.092283	0.259404	False
854	6.605169	6.584918	0.020251	False
855	2.772967	2.787649	-0.014683	True
856	4.038130	4.056954	-0.018824	True
857	11.999716	11.739937	0.259779	False
858	5.939653	5.905943	0.033710	False
859	6.761780	6.727738	0.034042	False
860	10.093706	11.506571	-1.412865	True
861	2.772967	2.787649	-0.014683	True
862	4.038130	4.056954	-0.018824	True
863	2.456587	2.469870	-0.013284	True
864	7.353331	7.331802	0.021529	False
865	6.481934	6.490850	-0.008916	True
866	9.701214	9.961108	-0.259894	True
867	6.578329	6.634351	-0.056022	True
868	9.320283	9.185258	0.135025	False
869	17.977779	17.832832	0.144947	False
870	2.456587	2.469870	-0.013284	True
871	6.369387	6.275270	0.094116	False
872	5.184402	5.202342	-0.017940	True
873	2.562234	2.575998	-0.013765	True
874	2.456587	2.469870	-0.013284	True
875	9.387463	9.357547	0.029915	False
876	2.456587	2.469870	-0.013284	True
877	2.562234	2.575998	-0.013765	True
878	12.550513	12.519503	0.031010	False
879	15.002923	14.929976	0.072947	False
880	7.439183	9.837421	-2.398238	True
881	14.394770	14.704183	-0.309413	True
882	14.400722	14.610815	-0.210094	True
883	7.175615	6.842577	0.333037	False
884	11.182160	13.550768	-2.368608	True
885	5.184402	5.202342	-0.017940	True
886	2.772967	2.787649	-0.014683	True
887	6.194944	6.200016	-0.005072	True
888	5.627305	5.539365	0.087940	False
889	6.110171	6.128111	-0.017940	True
890	17.589089	17.340325	0.248764	False
891	9.067690	8.730173	0.337517	False
892	2.772967	2.787649	-0.014683	True
893	5.366011	5.376453	-0.010442	True
894	2.456587	2.469870	-0.013284	True
895	4.038130	4.056954	-0.018824	True
896	2.562234	2.575998	-0.013765	True
897	2.772967	2.787649	-0.014683	True
898	2.772967	2.787649	-0.014683	True
